   35741   57634
   60236   35088
   26470   56078
    4418   56325
   34657   37807
   21147   44235
   60586   48986
   35721   36229
   33003   60476
   35700   57384
   42749   45475
   34622   37604
   36557   48528
    5388   53392
   37937   43875
   36579   35985
   18920   61044
   29130   58041
   31463   61149
   38443   45629
   58954   45292
   35332   38247
   27696   59838
   34870   39058
   55303   44416
   34796   60094
   10530   56564
   58750   57843
   34560   38446
   53476   41355
   61034   48519
   34555   47854
   10031   61025
   23338   46902
   20515   61410
   33394   37319
   30581   46960
   53832   43983
   15846   56000
   30050   60218
   54307   42992
   28961   43127
   53055   42310
   44362   45655
   56285   41221
   35110   36198
   20832   53051
   42187   44860
   25738   58235
    3520   55818
   26774   57001
   37294   50769
   16938   55514
   57718   59894
   10616   60683
   62130   43638
   30375   62924
   10853   62937
   36510   50444
   56804   43627
   24316   45453
   26136   56016
   20252   61749
   19680   62580
   37263   57129
   44717   47856
   11465   61289
   33613   39794
   24929   43868
   61442   51792
   10026   52647
    8431   61105
    5065   57069
    4524   56226
   53023   46128
   56000   41710
   13981   49623
   28392   61346
   22246   61319
   17318   55292
   33618   37049
   10434   61086
   35152   50692
   55842   36136
   22982   59562
    5902   53527
   56844   34985
   38044   50643
   10438   63245
   54090   49415
   30537   43629
   20709   63801
   20868   59488
    4453   53923
   22184   44249
   58070   35178
   19096   59674
   61135   58271
   59495   47409
   57753   59203
   60946   53614
   11076   53717
   57356   40144
   58015   59153
   32118   43011
   38990   58154
   59983   59647
   46773   44941
   22937   43548
   23688   45829
   34997   35538
   55784   59163
   37798   56597
   34637   57665
   36818   50538
   10938   62519
   39872   58481
   32252   46230
   34384   37619
   35866   51091
   32209   47167
   17751   53859
   37768   35501
   48661   50836
   38706   57037
   35395   37619
   18996   59942
   37937   56751
   56208   41204
   55984   40501
   16104   56565
   52696   51309
   30635   43889
   26692   57000
    6236   54262
   37005   51257
   32954   59101
   33802   37020
   36333   58448
   36773   50930
   35851   39142
   30506   59686
   12048   59831
   54325   45723
    8879   59244
   15476   55040
   21854   45512
   37348   49716
   35955   37847
   62684   47619
   50455   50713
   36319   52029
   24736   45066
   34119   52062
   19294   57629
    9741   50089
    7484   52113
   47260   47193
   21064   60931
   57647   61654
   23230   46643
   17725   53549
   58802   53819
   37103   46501
   25440   57862
   58280   35077
   30483   60444
   37741   49565
   39124   42972
   54353   42453
   11149   51188
   46055   47085
   17093   56620
       0   54499
   23016   45266
   56678   35623
   30280   62465
   22166   45254
   23746   45135
   46371   47909
   23877   45909
   11412   64537
   25979   56888
   10663   59125
   61272   52410
   56898   59377
   33078   44208
   57022   36838
   60601   47937
   55633   35639
   57527   34254
   36442   57756
   37509   49964
   61786   44837
    5003   52684
   10156   60841
   51122   48724
    4081   56221
   57393   60130
   52736   36955
   37645   43455
   56690   36823
   28810   55914
   35854   49904
   57192   63091
   21171   46906
   56691   59491
   26172   55215
    5509   54479
   43851   47533
   24355   48292
   54427   43777
   29679   46301
   16746   55228
   57935   59287
   24594   58438
   56623   47837
   35125   58821
    4567   55451
    9431   62300
   34553   37161
   25166   45053
   61469   51409
    3499   55206
   31236   60424
   56414   37396
   46051   45145
   31182   60250
   43905   45300
   15944   52902
   52613   50446
   29246   46479
   20960   61852
   59520   59618
   59797   43693
   19177   58865
   12546   60499
   32412   63477
   58222   62395
    4207   53376
    8638   60548
   59026   46292
   54286   34827
   29148   58130
   34994   52092
   37835   56856
   26205   53325
    9815   51501
   36455   37227
    8982   51774
   34596   37163
   23811   56713
   27821   56672
    2575   54211
   30648   60178
   10102   60364
   34945   57757
   34617   52089
   19964   60809
   59922   52786
   35101   38142
   22995   44707
   31573   60997
   17206   53687
   11639   50146
   11511   62215
   35170   59819
   27901   55860
   45754   46817
   15165   54667
   37416   45799
    4711   53314
   36035   49446
   12171   61128
   26542   57297
    4332   56121
   26193   55842
   18804   62526
   19533   60480
   58824   35451
   37268   53110
    4118   53600
   51046   51417
    9171   50386
   55665   44100
   57045   35018
   45527   42803
   33922   37009
   50162   50113
   39104   58213
   45893   47567
   50952   49346
   53106   42336
   51069   50726
   30561   46264
   36271   44809
   61898   46911
    4995   57057
   57353   60000
   62033   45635
   13096   62112
    8002   60609
   24947   45212
    5770   53331
   52477   50139
   33356   61093
   39611   56741
   31318   58248
   54602   50309
    8828   59102
   42223   47000
    4159   54035
   32579   62231
   36454   59424
   29599   44203
   56805   36159
   20307   46589
   34940   35990
   61432   46817
   54483   43594
   62011   48870
   30276   59599
   60129   46161
   45909   45961
   55756   36134
   27613   55744
   59345   53451
   52967   42955
   35254   33638
   44916   46930
   27815   58195
   39621   43859
   33987   58301
   54594   44345
   59449   58883
   45705   47041
   59445   59658
   44201   46722
   43897   46696
   26481   56658
   55983   38451
   27108   57491
   49868   50597
   14683   54085
   24514   48478
   36071   44535
   20782   61636
   46229   46865
   38077   43794
    8506   50665
   21368   59942
    9058   60416
   25507   58317
   54275   48580
   44977   46050
   61328   34539
   53531   43995
   60135   46592
    9347   61512
   58717   46859
   26609   47476
   59678   56732
   21307   64529
   29707   44749
   22615   45157
   55510   35439
    8066   52133
   31204   59112
   16402   54427
   30198   47951
   56541   35719
   15383   53914
   10536   62434
   33519   59516
   46006   46521
   38385   42809
   16296   54087
   11579   58617
   60077   44786
   11611   48473
   20354   59784
   11773   50161
   30571   60758
    9837   50011
   19188   57789
   37755   43877
   30746   61100
   51554   51790
   10595   61783
    8276   48524
   21062   61940
   28342   58906
   44324   47646
   30145   59447
   37404   56050
   51235   49140
   28212   56159
   58558   56754
   26319   58948
   17969   62228
   50545   49343
   36308   60312
    9829   61696
   35711   57926
   29812   46044
   11888   48809
   28578   63180
   21577   60141
   58543   53625
   60125   49071
   52164   42650
   21072   63597
   35553   51517
   37270   43745
   37988   59312
   50139   48240
    2996   55489
   10480   51773
   30016   44487
   53498   48141
    4780   56332
   10606   53363
   63957   47753
   23763   44750
   59370   48566
   23754   47759
    4864   55680
   58371   50040
   59962   46140
   15915   55154
   26490   58074
    5366   53856
   57782   60002
   60173   48289
   20680   56180
   60097   49612
   59246   36194
   25316   46217
   56935   61044
   29242   56662
   63074   47510
   36656   50566
   28440   44810
   27955   56280
   37083   57931
   20259   60511
   24733   56201
   44023   46226
   57103   40709
   35047   60446
   59915   58433
   46042   47659
    9657   52423
   33018   62972
   25807   47714
   51683   49283
   57154   33712
   56993   32158
   27070   57594
   25669   56972
   37439   44820
   43671   47848
   36425   52080
   60185   48738
   60707   46058
   44793   47895
   22387   47332
   15985   51728
   56143   35658
   27525   57634
   60025   50540
   10746   62172
    5489   52708
   12559   59819
   52172   50246
   41955   45767
   33678   52163
   37933   46235
   18709   61578
   37525   38632
   20587   62383
   35436   59180
   29842   62137
   54032   42111
   17898   55100
   36125   46077
   59704   60580
   38267   44239
   63081   47684
   36127   38450
   56172   34623
   13598   63186
   28555   61394
   38422   59220
   57707   36517
   58771   60580
    9549   50996
    3600   53791
   60779   47519
   25740   44473
   36844   38976
   19261   63453
   30026   45682
   31054   44541
    6503   53356
   51162   51612
   20568   59655
   63518   45366
   55203   57018
   24738   44640
   35912   49827
   52757   50130
   20257   61196
   17494   56321
   10191   49243
   57344   53713
   30133   63934
   27517   55156
   37667   37350
   58706   36418
   20481   60914
   52495   41064
   58665   59932
   52094   49427
   59118   60039
   38657   45536
   34614   36595
   29259   45342
    8524   50708
   59458   47430
   58213   61124
    8842   50261
   23288   45258
   37177   35936
   32303   47345
   38421   44847
   30681   62149
   55169   42237
   56641   37864
   61917   49590
   59677   46828
   52526   43275
   61954   45907
   10256   60907
   54963   44875
   60018   58622
   36529   58009
   30472   44653
   24330   45763
   62098   48364
   54467   44351
   36215   57623
   52872   50375
   22999   46007
   16840   56442
   59198   52561
   32349   61066
   11134   60627
   40134   59872
   60204   46955
   18491   57638
   59177   52894
   59138   60401
   58624   58748
   36696   59198
   50059   45731
   36164   36125
   52103   49204
   30257   45725
   56299   36158
   29160   57565
   20358   53540
    6046   55497
   55227   44206
   58769   54508
   24486   43549
   25495   42792
    5268   56645
   45997   46437
   11365   50973
   51674   48858
   52166   48385
   60249   52238
   35792   48033
   10950   57600
   18453   56324
   12416   51460
   62426   44954
   49630   48514
   38015   47510
   58154   60283
   53980   49207
   11876   50023
   23658   45171
   15860   57599
   30997   45889
   61500   44023
   12475   49220
    9481   49546
   55388   42905
   56937   59156
    9454   51165
   25052   57829
   21255   44721
   28772   57273
   36702   45802
   32426   59919
   61589   48446
   51116   48104
   31215   59848
   59024   60718
    9243   53664
   54064   41409
   57196   43284
   28995   58890
   34039   48581
    7445   50769
   29908   56769
   35778   38273
   20458   45329
   19930   60962
   55143   40238
   44719   47108
   28212   55783
   58154   59780
   52913   44156
    9639   62038
   45374   46355
    7579   54208
   58457   37432
   17403   56861
   15133   52003
   37617   51514
    3849   54348
   37160   42132
   56569   44022
   57473   59889
   17211   52619
   34605   51599
   59691   47572
    5729   53643
   36486   58780
   36398   59165
    4946   55080
   35191   37667
   16371   54091
   32074   61939
   34587   49905
    3375   53677
   18513   61092
   36919   37870
   37047   48811
   36064   60505
    9932   59316
   38678   43050
   11269   48664
   35954   45537
   25532   46572
   31578   60296
   19309   61793
   36663   37415
   39220   45233
    6675   54728
   44886   47155
   60734   45976
   31233   61286
    3110   55381
   60327   51525
    4115   53150
   35852   35216
   51536   50378
   31370   45222
   14927   54599
   35328   53446
   19606   62894
   33218   58279
   60409   59802
   24890   43027
   52456   43210
   19530   58199
   39129   45517
    8240   60831
   46125   45879
   25345   45149
   36528   36061
   35153   49820
   29047   58154
   65535   51609
   36288   52087
   55418   59726
   17583   57472
   60794   53091
   23038   45476
   34596   59765
   14365   55602
    4557   54902
   34573   59067
   22485   48161
   11798   53052
   25659   57314
   61766   44822
   22638   45554
   33822   59036
   19285   60802
   27505   58926
   16116   54683
   24392   46261
   61364   52426
   57329   51751
   31448   44717
   25540   56691
   14590   55330
   44677   47921
   37120   50499
    6702   54483
   57200   36282
   58047   36416
   45536   44653
   35275   50848
   13020   50329
   19154   62093
   59387   60014
   28250   60235
   58247   36777
   27376   45995
   57726   35998
   54849   41733
   55191   42127
   35457   58671
   25896   45359
   36433   57684
   52903   49650
   10704   51371
   19257   62118
   25137   55409
   11022   50515
   36783   59577
   60602   44756
   45015   46110
   58565   46331
   57366   61945
   36850   56751
   43361   48159
   35579   39250
   17023   52554
   23524   46587
   59933   56156
   30532   61950
   37616   47074
   31142   59600
   62906   45197
   37480   35672
   36045   57448
   53242   51473
   53799   37256
   37773   51076
   31474   60121
   17753   52609
   59396   54860
   57906   33048
   11210   58343
   28512   45840
   40255   44800
   57593   37299
   25629   58886
   60573   45064
   21055   45837
   62451   48261
   29272   59183
   32557   61120
   34908   50703
   29116   59119
   18068   61918
   51397   50323
   30100   45879
   36859   42832
   18642   58455
   31312   60742
   20316   61803
   19545   60834
   25446   55704
   38749   44262
   16527   53323
   38012   50808
   62084   45119
   37694   42646
   55338   35743
   14197   54364
   53697   46311
   52994   49958
   42348   46774
   51782   34639
   24266   44510
   59313   34984
    2248   53985
   50822   48480
   19108   61782
   17108   54515
   62053   52942
   30553   47040
   25528   59581
   20151   62252
   27473   55726
   58762   51916
   23107   46354
   43629   46252
   34907   49407
   53365   47853
   17786   55157
   13063   59700
   49469   49205
   51541   48433
   25659   54386
   55095   42443
   46021   44331
   22096   47233
   62400   45584
   43609   46066
   27033   60004
   16108   54076
   27331   56041
    5909   54502
   24477   43061
   26043   55705
   27306   57368
   55846   33030
   50835   50099
   36515   36356
   41704   45883
   29513   44633
    8576   60303
   51076   50440
    6951   51758
   61501   45670
   22403   62224
   37094   44119
   29934   47200
   19798   52845
    4231   53432
   36944   39148
    9954   60705
   10879   49512
   32139   46892
   38449   43572
   17818   62484
   57398   41217
   25919   59329
    4356   55423
   20417   56568
   36690   49591
   31926   45424
   26807   61319
   18780   55399
   27181   54919
   60597   51012
   57672   34909
   61566   53795
   10337   49890
   25760   55776
   38899   50810
   34794   50227
   16719   55585
   19395   59800
   25014   56055
    4023   57278
   16738   54689
   51610   48965
   31802   47476
   55092   43404
   55892   36852
   56974   60278
   37264   47422
   14665   60436
   31073   46483
   25383   56911
   19005   60807
   35988   58251
   51798   48228
   32141   43787
   37971   36374
   20737   61019
   41073   43678
   41131   42932
   26512   58723
    3441   55616
   21899   61237
    7431   50756
   31662   45383
    7951   59432
   54414   44613
   33171   59359
   10580   51553
   58797   58377
   60147   45082
   62566   49149
   19063   62295
   19601   60881
   62063   51857
   58162   45461
   31866   61099
   59722   59830
   36524   45489
   33014   45886
   18068   54386
   36058   35597
   18781   60559
   38371   51242
    9390   51106
    9327   52012
   36163   53031
   57632   37220
   34924   58072
   35322   59148
   59524   46701
   33108   45964
   52899   49148
    5617   55660
   37488   61935
   51476   50875
   36805   60016
   29436   60956
   39884   40043
   34702   44962
   41851   44047
   59628   46865
   18929   59621
   16219   53637
   57082   58629
   30304   61141
   56364   59088
   56107   34721
   36246   57201
   61075   46380
   36037   57311
   11971   59851
   39553   42753
   58706   36533
   10372   57097
   55909   41497
   26449   55946
   18934   63661
   58590   59525
    5192   52602
   63261   45819
   45309   46374
   61595   47677
   36243   57771
   31476   44300
   29802   58114
   36979   51524
   37201   37141
   37269   57920
   10963   57947
   60948   49685
   19939   54424
   24527   46626
   38576   50876
   12090   59869
   23674   43785
   37891   59892
   61776   51655
   21444   46964
   37166   58232
   26042   59496
   33015   57987
   14127   53882
   13909   53337
   57370   36555
   26119   56817
   44882   47245
   20217   63442
   35288   52498
   19871   62312
   36100   37456
   53182   51978
   59019   39748
   51759   49073
   31622   45004
   59566   53452
   55829   34669
   57335   32064
   22168   46142
   60308   51685
   54272   43145
   27316   63731
   39379   44164
   44163   47526
   52460   42366
   29448   62355
   29368   46709
    4715   54506
   59475   60281
   57925   61583
   53771   49868
    2659   55959
   31852   45306
    3597   52748
   56910   61194
   29445   64978
   24784   57237
   26834   55097
   37851   50911
   30019   58071
   50498   50993
   23487   42557
   58878   34978
    6752   54903
   60634   45826
   10198   58488
   34432   35853
   59269   59992
   52898   41098
   16898   54827
   61129   52867
   31663   61270
   45840   49753
   44109   47298
   19015   62840
   38515   58026
   30168   60662
    5255   52393
   36645   58435
   56074   35582
    4877   55291
   20535   59462
   60854   52169
   61099   50199
   62364   50648
   45818   44321
   10579   49821
   20147   61505
   20007   61561
   27874   55221
    2512   53861
   56276   34870
   59786   51948
   60106   49519
   58158   58562
    5418   54124
   14737   55071
   15396   53105
   32801   33333
   10210   58723
   11681   59832
   28229   59101
   54524   42904
    9592   50262
   58336   53014
   23825   46811
   45298   46876
   61530   46159
   36847   53455
   24273   42879
    9247   50471
   18870   60325
   45234   46110
   12965   61972
   34143   49934
   35609   37194
   36974   38282
   38437   59774
   57860   36410
   56034   59874
   35438   35961
   19070   61422
   40941   43844
   36008   48930
   38729   49255
   59832   61819
   60954   58518
   28118   44775
   11745   50495
   36978   48153
   63148   54994
   30515   60969
   38661   44045
   58008   34512
   22051   44212
   23767   43141
    7906   50299
   45636   41946
    6726   55910
   12095   64166
   46080   45768
    5389   54870
   34751   49387
   30534   46102
   19797   61359
   37094   59676
    8471   61739
   22976   47248
   20378   62549
    3991   55631
   46050   46610
   58904   53725
   33348   49892
   38089   56389
   26468   45504
   60597   46399
   27380   61315
   35531   36570
   28653   61470
   53322   41799
   38915   45632
   45600   46395
   29919   45857
   52659   34777
   32193   45876
   59165   59687
   35076   35331
   31797   61321
   27128   54407
   10680   51164
   36575   58483
   50651   49838
    6835   55281
   31991   44255
   59079   59352
   54091   44335
   58770   33452
   32504   60521
   26718   53997
   51353   50271
   49352   49577
   29476   43739
   51125   52196
   34349   37125
   10279   57681
   37189   38589
   32335   45997
   32954   50861
   19018   53560
   35292   47507
   59045   52706
   37153   52163
   34626   36266
   61159   54532
   35403   36688
   19276   62396
   35847   60401
   59404   32845
   10570   63000
   27550   55740
   38095   39196
   42409   44578
   19892   54860
   10839   50455
   24522   45861
   10565   51704
   12347   61746
    5088   53006
   24646   45406
   58098   61604
   17610   58180
   57832   36316
   59397   44267
   35368   35938
   53582   40916
   12430   62195
   58915   50231
   18211   53160
   24628   45035
   18502   63614
    5522   54143
   17805   55269
    5607   54784
    9933   59269
   31778   47518
   58570   36942
   35811   37422
   15579   54275
   45206   46504
   52975   43407
    9287   62954
   55350   37801
   15159   52909
   25044   44899
   38446   48060
   55269   35481
   25689   56135
   10058   49889
   55408   37045
   11435   50996
   53399   42273
    9443   52075
   58214   37687
   59466   51775
   34261   37067
   16166   53836
   35268   51811
   37327   51814
   24946   56824
   17075   54403
   33624   58303
   51089   48855
   35208   47795
   19876   54521
   63256   53319
   40281   44811
    9966   59064
   22546   43351
    5359   54762
   31170   46097
   11095   51738
   39462   50878
   38945   59787
   35211   58983
   10726   60737
   56830   40997
   10939   58346
   38863   44153
   63457   52600
   63760   44658
   34733   51912
   50929   50250
   16846   62613
   37021   42818
   59857   53804
   46179   46421
   35423   57630
   23378   45780
   11109   49944
   37360   59696
   61438   60731
   35693   52595
    9383   61340
   29912   46430
   33387   61847
   60231   53265
   62600   45672
    4785   54895
   10670   49260
   59673   50869
   58613   58762
   59668   60897
   26253   58899
   51294   48648
   59385   51054
   11023   49802
   32583   61093
   38875   51578
   56629   34903
   30659   44846
   28052   55809
   50843   49836
   59239   61982
   12376   62842
   54716   43766
   36359   37310
   45205   44698
   16928   56318
   16067   56094
   59624   59604
    5970   54618
   37938   45945
   27634   56842
   50716   50226
   44698   44129
   35967   36673
   54111   43711
   29976   46087
   38515   50074
   31872   60703
   34981   48664
    7700   54988
    6727   54732
   52627   41645
   36322   38482
   61205   52646
   15981   55498
   52993   40890
   39395   47560
   10013   50471
   38611   43370
    4567   55033
   35644   59384
   17653   62598
   62991   49882
   60103   43554
   30806   45234
   32660   59958
   10457   58942
   31627   61188
   51327   46829
   46511   47373
   62982   45314
   55346   40987
   38117   50251
   35355   38390
   62109   50367
   60407   60339
   31643   60477
   17508   55488
   39128   42928
    9972   60044
   53855   42912
   36196   48017
   60817   46350
   57692   60874
   10844   63287
   16507   54347
   46211   44206
   56611   34057
   17573   56376
   33790   46438
   25196   55203
   56549   36908
   45451   47318
   35612   35819
   62457   44344
   30740   62257
   51333   48502
   55078   42668
   44325   46733
   34972   50553
    3662   53763
   57650   36971
   28553   62002
   19768   60627
   43869   48571
    9416   50770
   23628   44730
   33021   43481
   18846   53892
   23958   44468
   40228   46360
   34639   46169
   38094   44260
   11845   51491
   61360   46709
   54179   45588
   43138   47056
   32210   46786
   34222   38934
   53332   43782
   42283   44263
   30960   62047
   11897   49856
   16591   60560
   16675   50940
   55710   44219
   18273   55960
   36836   39256
   34017   50315
   38967   44890
   52214   50324
   23554   45863
   25021   56847
   54140   42328
   59988   48268
   55470   35116
   57207   61078
   43611   45959
   39657   46012
   27256   59403
   52110   48679
   55395   42014
   61593   51496
   56416   42968
   30863   47267
   56299   42413
   24536   56381
   28736   40792
   33453   50485
   10794   50115
   36294   42107
   58808   52874
   31905   46820
   36206   36422
   32264   46894
   23835   46847
   35673   37211
   12277   61976
   22034   44197
   36242   57635
   11820   50017
   19641   59926
   52195   42091
   36172   39484
   56618   35436
   60461   46738
    2847   54305
   50307   51082
   10802   56031
   22506   43691
   37992   59534
   44704   46111
   39385   58486
   61033   52468
   44492   45977
   32049   47819
   61447   51661
   36125   38191
   36128   48920
   23277   44688
   53264   48831
   50697   47557
   20768   63354
   62292   48885
   35768   33850
   52073   50583
   37370   38669
   35861   45653
   24966   43815
   25970   55621
   57659   62508
   35994   50817
   49762   47210
   60766   55324
   37703   52241
   28728   61702
   19925   58496
   18617   55656
   36982   42306
   14980   53904
   31109   44892
   59111   59739
   52323   49316
   28904   59191
    1756   54502
   54256   44048
   21944   60190
   58412   60555
   10669   61473
   26591   56646
   48381   48106
   39630   45246
   16265   53570
   31985   62537
   16780   53847
   31067   45079
   61495   46965
   51816   47204
    9927   51309
   50478   42084
   52533   48519
   20914   44091
   36967   58135
   51815   49375
   30758   41842
   30888   45683
   20526   61492
   45440   45988
   50183   48147
   21449   60845
   10457   61257
   37496   46121
   37201   46980
   51568   48212
    9589   60754
   59486   32151
   59314   35053
    9033   63414
   31152   46517
   31779   59328
   21368   45917
   39398   58165
   28657   57812
   57381   34383
   13144   49604
   42616   48423
   36283   59567
   25679   47098
   45821   47089
   59835   47222
   56730   35577
   28383   58361
   11165   59822
   44040   46197
   22285   45629
   10859   51248
   35091   35641
   22050   45954
   59976   61896
   10766   51585
   20181   60841
   27434   54958
   58935   58666
   30906   47311
   11396   53232
   56191   42928
   62169   51916
   59014   46813
   59898   51245
   58231   34186
   10904   51342
   52846   50052
   30420   42435
   36216   57898
   18488   56212
   25260   56723
   16394   57589
   36894   47891
   29227   57928
   58691   58145
   55013   44589
   33606   59280
   51011   48580
   19294   52649
   10806   48952
    5664   54114
   59110   60648
   16798   54135
   57312   35967
    4977   51710
   38314   58604
   52164   47191
    8705   49365
   21615   48163
   24542   44728
   37969   44116
   37264   36885
   35462   61614
    5781   54701
   54876   42500
   39429   44771
   54308   42602
   36659   37772
   57938   52825
   59772   62508
   17300   51911
   16393   55068
   51808   52179
   19871   62381
   32126   60135
   29690   64853
   57562   57847
   21231   59423
    5027   55655
   61019   51535
   61909   46072
   35678   48944
   10749   51406
   27775   54914
   61016   47793
   57981   42287
   42904   44785
   30619   60514
   11536   49673
   58177   34610
   31946   51702
    2677   54186
   54222   43822
   32061   59778
   28327   60138
   55825   42139
   45015   44653
   23404   44335
   11263   48928
   46676   46171
   31144   43395
   56554   34309
   11719   61142
   31213   43528
   10002   61399
    4382   53067
   47332   45389
   22071   61236
   17431   54420
   52517   43287
   19242   61797
   54393   42416
   32979   50394
   50691   50499
   36768   41959
   50452   48945
   50244   48477
   60267   60706
   16546   54778
    8583   49768
   62082   46029
   41927   48543
   38653   43402
   11955   59006
   60969   59822
   37566   59456
    8446   60600
   25283   58667
   36725   35697
   35873   50003
   29855   45626
   55053   43347
   28832   44831
   28759   58288
   11436   59452
   11103   60003
   59345   61352
    4492   56754
   25425   57151
   51808   47875
   61201   45635
   11437   51406
   57200   36580
   19038   60983
   38070   53037
   37740   50009
   31657   46117
   32534   60827
   14995   55889
   59214   58361
   37090   59149
   25663   55384
   37810   48108
   43712   46227
   55628   34757
   60212   56867
   29608   45031
    4245   55965
   23939   46011
   60235   52007
   61347   59432
   16732   52426
   54794   34578
   37485   51322
   53570   41898
   60245   51232
   54352   42520
   57398   33876
   36567   45438
   55493   35034
   59095   50820
   54748   47435
   57591   61596
   30370   43579
   36611   46457
   20963   45739
   52694   42750
   32901   45871
   37382   44795
   18426   62525
   38347   52233
   35066   57896
   34893   50011
   19838   59122
   37462   52043
    9893   59586
   61073   59807
   28526   58659
   51003   48693
   31849   60708
   60662   45183
   44238   45158
   36551   60388
   55822   35934
   31259   62320
   36400   49928
   17326   51720
   61353   52949
   26109   58656
   18961   60872
   50745   51221
   29612   45840
   29085   60541
    7821   61712
    9763   50495
   30265   59751
   33825   51800
   57433   35084
   32390   58431
   12822   62138
   11398   47759
   19655   54785
   34996   58737
    3581   58080
   61654   45375
   35451   47900
   53204   42630
   59407   63359
   57987   50535
   10333   50182
   12948   60162
   43280   46617
   23737   44771
   11020   49726
   15779   56775
   26891   56558
   38946   42243
   34289   56684
   27463   56882
   41819   44466
   17044   55877
   57238   61962
   36805   51837
   35808   36376
   24618   55531
   36690   39754
   34748   51075
   36510   50240
   16250   56716
    5755   53627
   37102   50697
   61232   53224
   10321   50691
   57940   53483
   38805   43472
   60755   44937
   22211   45191
   29987   61369
    5536   54428
   36795   34454
   36714   49251
    9049   59370
   19770   59397
   60549   59383
   28509   58324
   54459   43964
   36711   51816
   38104   44902
    5516   56043
   31643   59695
   60630   47285
   32062   45990
   42141   45706
   37182   37411
   38535   43780
   50015   49385
   58938   46819
   18344   59637
   35603   58464
   43711   47308
    9210   59309
   60703   52037
   54263   39356
   49952   42514
   61267   46010
   16278   52466
   33233   62021
   56783   52846
   57894   59036
   39036   46009
   51460   49224
   49164   46821
   53145   48166
   24847   44152
   11091   61195
   35648   39129
   61290   54028
   50778   50832
   37432   39281
   35355   60826
   52492   35399
    9657   50553
   17604   57415
   37701   44638
   61105   49647
   17643   60949
   61827   44599
   37889   42985
   32167   39987
   60730   52083
   45738   46899
   38478   45047
   33008   44407
   53071   44896
   23433   45945
   21221   44474
   30749   59966
   17892   53512
   60079   53099
   57111   51732
   17547   55041
   36509   37087
   60576   51753
    8339   61080
   36960   58594
   43690   44669
    6570   55309
   28483   46037
   36878   61006
   24343   46878
   29581   44268
   36221   54174
   60369   52563
   37904   44387
   34151   50380
   37125   44254
   34913   45567
   21958   45560
   10930   60322
   43714   43305
   30764   43714
   50128   50117
   35394   38220
    8444   50174
    9432   61396
   42990   47111
   32202   47711
   26275   56590
   44401   45918
   36242   37643
    8730   51510
   54744   37285
   28402   57647
   27469   55207
   31375   45645
   55963   37150
   52080   46732
   30220   45595
   11130   49369
    5988   53574
   55592   36014
   11775   61142
    8676   57719
   60470   45222
   57576   59542
   60201   52003
   59620   53606
   30877   60859
   60548   53678
   61258   46064
   52256   47563
   11062   50068
   25693   46232
   37207   41740
   45351   45046
   30382   43613
   23954   47601
   12150   59180
   39125   42626
   35518   50270
   19144   62358
   53241   53420
   42896   46268
    8554   60761
   56810   36292
   11037   50777
    8766   51369
   37334   49489
    3944   55580
   35801   35541
   58730   46167
   59107   48912
   27196   59444
   35228   34409
   36692   43157
   36826   38107
   61084   58521
   57425   33591
   62313   53461
   36240   50203
   36903   42584
   41508   47088
   52745   42741
    7934   48544
   31119   46055
   43682   47550
   32590   63313
   45806   45282
    5133   53898
   35529   48483
   57851   60497
    7034   50514
   56745   59632
   11060   50234
   21897   58917
   60049   45388
   36992   56453
   34443   60316
   59087   60200
   57115   44424
   39139   43725
   60531   53274
   59578   48612
   55517   34972
   25347   57105
   62146   50611
   59479   34096
   62010   50563
   52917   51056
   52393   49486
   16714   51438
   35880   44226
   35984   42959
   61930   45278
   33846   33297
   19680   54296
   37556   45014
    9744   50911
   39339   47635
   57601   35635
   10336   60916
   12124   60279
   36962   45354
   17800   53918
   57980   59322
   26216   43410
   17775   55776
   38646   42669
   24731   56832
    3465   54037
   49158   47569
   60966   58270
   35038   34405
   27937   58138
   31178   44394
   54329   44001
   40243   57661
   26717   60264
   38965   45780
   12335   58115
   59309   53689
   19764   63838
   61475   53918
   20838   46554
   19837   60753
   51589   53212
   35338   51900
   25494   55960
   29758   63528
   35361   62227
   29626   60190
   24970   59023
   22163   45795
   20687   60667
   36219   58974
   35473   49117
   11776   61448
   36056   34964
   36874   35950
   29735   48055
   36468   45109
   23376   45082
   60069   58113
   50548   44199
    7644   61816
   20380   60733
   60927   60647
   45612   47971
   61314   51110
   30330   61187
   33697   58534
   31764   46849
   56954   58817
   45308   45173
   35007   39211
   36209   37346
    8280   57997
   10690   61867
   31413   60511
   20714   45805
   23136   46375
   10764   52080
   55448   37197
   36709   56868
   57063   58649
   31167   47656
   55893   34795
   53730   42300
   38506   49918
   45146   47690
   62217   43734
   13063   51433
   56813   35086
   50369   49615
   36911   52330
   53420   44299
   26221   45421
   57642   59436
   30647   61432
   30627   44454
   35055   51610
   22341   46998
   38645   36855
   46969   46954
   61555   46519
   56968   36170
   37745   57622
   63489   44063
   37626   43520
   28592   54269
   32463   45301
   35876   43700
   25052   57022
   60443   53128
   35494   35663
   35237   58902
   27287   58184
   60820   53919
    4750   55207
   28434   59636
   57750   36800
   58563   62792
   18541   55919
   62345   47091
    4140   54842
   60617   51398
   33652   37501
   38539   37485
   45360   46378
   53795   43670
   61654   61450
   61942   46526
   37882   36742
   16364   55389
   29589   60622
   30879   41734
   12199   50485
    2968   54214
   42078   45102
   31977   59480
   17304   54119
   20784   60935
   38172   42792
   10919   50525
   61407   52897
   17426   55344
   35600   37619
   27881   60061
   12114   49993
   25535   46274
   38870   44459
    6210   54578
    9117   60001
   25851   58222
   11878   60429
   56814   60167
   25985   57795
   20384   62437
   22934   45175
   59434   45767
   51344   48631
   57852   60171
   46857   48357
   44691   46276
   49538   51625
   37790   37999
   54924   42079
   58889   60334
   31279   61858
   44478   46315
   19622   64221
   62195   46716
   34208   56715
    5945   52615
   10936   61184
    8238   58683
   31911   45528
   17423   55459
   23262   57537
   10653   51048
   36671   44622
   48715   49479
    5539   55039
   58134   51877
   35346   58988
   58611   56944
   57944   36151
   19803   60968
    8869   51886
   61383   46454
   55718   43777
   23144   45494
   36229   52718
   54943   41966
   20765   60709
   52155   50267
   53992   42499
   13482   49941
   58439   61605
   24311   41002
   61782   49028
    9198   50826
   54925   42624
   33715   38111
   55580   34586
   34736   48182
   50230   49055
   16315   54450
   61303   48326
   36497   45576
   44108   46834
   62480   45840
   10991   48211
   30887   62360
   26387   58854
   33959   57663
   36794   42112
   34712   57869
    2875   55177
   35398   58700
   56322   59335
   33642   48588
   30720   60651
   56818   60227
   26345   56949
   58110   38682
   21108   45235
   35266   37658
   63119   45688
   30068   62245
   37801   36929
   56500   61376
   38059   35143
   32211   48405
   18378   56011
   30071   60466
   23096   59668
   17741   55439
   56680   34674
    4235   54556
   33916   38665
   34976   51227
   36423   59073
   60989   47257
   45010   47987
   17658   52827
   36483   57847
   48977   47710
   35724   51642
    6798   51275
   18680   62674
   53973   44112
   59146   54829
   37915   37571
   23842   44933
    9520   60139
   53253   43024
   62512   46476
   58965   33085
   46191   48317
   12851   51373
   57978   52975
   52409   41340
   21615   61597
   60753   50736
   36619   46682
   52620   47208
   59796   34874
   55829   40780
   38878   44922
   30567   62523
   21800   47934
   29916   60125
   27286   59569
    4084   54843
    4911   53538
   25822   48220
    3874   55784
   39339   45642
   23462   44483
   57416   43226
   60758   60881
    2796   57052
   59247   43976
   57706   56481
   58976   45060
   13039   61888
   12110   59455
   18101   59879
   27354   54316
    9996   61355
   16097   56428
   45486   44940
   24987   44077
   52304   42213
   49164   49656
   59046   35909
   51377   48123
    8710   58937
   54225   40013
   31130   46909
   38558   56670
   26149   60135
   36173   35498
   10633   50511
   57649   35291
   59971   53488
   19912   60502
   61211   44484
   54858   34270
   36638   35819
   59953   50937
   30047   45342
   19943   63108
   53694   51985
    9816   55272
   39025   38317
    4749   55593
   28073   56257
   25916   54106
   52558   50207
   35938   51733
   39283   59107
   51308   49630
   21792   62240
   19583   63659
   32333   61933
   19290   60747
   24675   45135
   25873   59678
   36568   52539
   60743   58206
   53561   46928
   60972   46551
   29855   45069
   28729   63139
   58815   54259
   60152   49128
   51189   50434
   33096   50259
   16017   52583
   61396   48168
    6228   55206
   38717   38000
   17989   54877
   31350   44748
   57240   34898
   25301   46117
   11786   51096
   37507   50353
    6646   63005
   58244   45992
   34999   50316
   35640   50947
   10993   59910
   38232   59464
    9862   53085
   31112   61673
   36403   61703
    8673   62255
   59622   51840
   60793   50532
    9986   60034
   13206   62465
   37317   49835
   38157   49848
   60331   57240
    6044   55199
   61903   46451
   62779   47041
   51545   48362
   20002   57292
   10401   53090
   44081   47210
   60644   51665
    4061   54024
   21783   61970
    9836   52030
   27827   58698
   39355   49950
   38768   44701
   17395   54596
   59953   59003
   62951   43581
    3589   53393
   30793   42766
   39398   60099
   54417   42391
   39397   39374
   36022   44378
   26228   46553
   54973   43980
   27659   60100
   19696   57420
   55062   44521
   12424   58655
   55507   39069
   12594   52133
   35483   38084
   56749   45529
   54059   42096
   30611   46226
   58432   52328
   40492   47761
   40318   44621
    8723   52304
   38523   59697
   53045   33476
   25001   58362
    8754   61242
   43274   47372
   32134   61037
    5618   54536
   20438   59851
   52351   45876
   58468   48906
   57812   61923
   30174   60328
   36656   39035
   36389   38939
    9359   51444
   18347   59545
   37405   33958
    4405   54784
   16286   54449
   30522   46566
   16714   55948
   39846   44359
   59411   54228
   24446   56245
   27715   55387
   54851   35170
   62783   52794
   34779   62221
    3933   54316
   28594   55605
   31284   61697
   19942   59731
   44762   46708
   60221   52022
   51167   45741
   63244   53722
   27900   56990
   34334   42680
   37775   49692
   12613   59379
    8422   52679
   49154   48565
   59112   63187
   36216   62182
   58313   52980
   62507   59886
   58990   47402
   26560   55691
   59703   52501
   27463   46986
   56026   35279
   23855   45931
   57601   38899
   55366   35650
   11239   52647
   33942   34583
   12436   48816
   23994   55242
   58690   38619
   56087   43599
   34167   36965
   53322   49129
   11468   61950
   56406   35362
   12376   48666
   61775   53359
   13779   60968
   10364   61512
    9730   63026
   51910   50787
   30898   60616
   17141   54202
   61159   45013
   24879   56386
   60046   58263
   59637   45811
   11631   59714
   29328   44467
   17782   57990
   27707   56661
   63086   47075
   38508   42962
   37823   45829
   35578   57692
   21412   58791
   62113   46253
   59034   35201
   49983   48300
    4329   53012
   34522   35773
   42182   45481
   55148   36561
   19048   62924
   10444   50923
   37430   41616
   36095   33268
   16595   52653
    6251   55245
   37556   56733
    5759   55028
   49685   48605
   20561   61164
   56843   59151
   50711   50227
   23584   44797
   59180   45359
   29052   45808
    3364   56093
   60679   50894
   64197   46477
   52105   49253
   56907   37079
   10334   60937
   34622   51962
   46071   50218
    7335   54395
   25201   54565
   59978   45921
   29474   56798
   19272   60480
   55062   43027
   55333   34329
   17136   53618
   14562   54344
   33532   59075
   22250   45658
   59573   59358
   46157   45612
    8957   61191
   59040   54950
   58959   61260
    4927   52701
    4260   54579
   46384   44600
   27819   63600
   37479   60292
    6635   57985
   30790   47566
    6267   57098
   25198   46841
   26174   57058
   10577   51583
   21561   44237
   56396   37255
   36008   35818
   56302   42288
   54033   40367
   34553   59382
   60295   58226
   13836   60414
   36780   43453
   37226   57241
   57130   33622
   40225   43669
   59921   58297
   55983   42644
   10390   61299
   58718   49514
   43794   43368
   35141   60571
   58644   54218
   35445   59206
   12791   50426
   35082   36246
   18406   58116
   19972   62712
   18261   60547
   58427   32683
   36229   58559
   62099   45862
   61252   48636
    4028   55483
   23820   44976
    9616   52793
   55911   44667
   30128   45204
   56688   36583
    8524   52422
   38795   48442
   56696   36827
   36444   34614
    9647   59886
   51421   49806
   35104   58388
   30795   63840
   34507   47459
   36861   59309
   34772   37566
   35561   59193
   58297   53749
   18536   55169
   45356   44834
   11187   58843
   13907   54576
   59918   48366
   17152   59537
   27818   46878
   45019   45549
   56924   58052
   17783   51416
   54691   42918
   61190   47066
   56693   58774
   37589   58770
   29801   61182
   11616   60575
   28909   58542
   34906   46250
    9766   58973
    2056   56061
   24788   44771
   26962   56689
   45755   46024
   29705   47057
   17050   55534
   45562   47033
   46340   45960
   30439   47075
   22392   47698
   59626   52498
   46226   45384
   37109   39039
   63311   44483
   34179   48012
   37830   51496
   31204   58913
   30294   45296
   56036   42102
   39976   45731
    6693   60430
   29485   63621
    9324   49714
   58238   51102
   39291   43282
   28064   58174
   35217   59875
    5026   55207
   17777   51711
   37140   44018
   53300   50101
   39633   45001
   30578   44542
   47162   47068
   29259   57100
   57948   47995
   31066   46469
   26215   55199
   35390   35563
   22489   59259
   33437   35442
   58773   43499
   60006   60524
   35969   44284
   39149   44151
   44520   46484
   50423   47832
   11306   60035
   58402   52389
   60396   52805
   62661   46734
   38348   45436
   23441   45886
   44100   44734
    5984   55785
   22369   62265
   12697   52216
   18960   62751
   18717   52598
   21393   62630
   38123   52510
   32649   59545
   42732   45444
   42300   46449
   23594   45950
   10171   48859
   20490   62450
    6577   53657
   10048   52277
   10935   51458
   32118   46390
   60088   51401
   17650   54611
   45595   47049
   63162   53609
   54729   40311
   61352   50032
   31920   46382
   37053   57010
   23692   44325
   55155   43399
   37414   45176
   58264   45640
   34424   50941
   59626   52424
   19105   52235
   16932   55866
   61872   46473
   59077   48115
    9703   51958
    8521   59545
   60955   57896
   61020   59430
   33611   50666
   29053   58326
   28615   47158
   52768   50430
   60024   50389
    8604   49746
   54899   36989
   22225   44140
   29899   45748
   20453   61587
   57843   58840
   30801   44512
   53742   49907
   28033   54727
   44460   46396
   46924   47066
   55811   52761
   51485   48750
   55932   35163
   51586   49170
    4636   57162
   31291   44107
   37900   43700
   30908   61364
   23272   45633
   53106   42771
   12389   49818
   59953   46852
   19779   61803
   53065   49559
   20494   45315
   56441   35275
   30947   43537
   26091   56821
   55278   44081
   37760   44128
   23515   46366
    8908   59029
   55361   61450
   36117   50939
   30612   61541
   53386   37554
   28233   54684
   44565   44177
   24567   43379
   30371   45565
    4731   54238
   37346   45508
    6947   52316
   53703   44027
   24868   46549
   60109   43495
    2707   55155
   30694   44466
   57136   61329
   20485   46394
   61768   44391
   21616   62776
   16398   54369
   10824   61369
   63057   51681
   21579   45924
   37542   46600
   20971   58909
   22912   46671
   45574   47897
   55281   42586
   37797   36278
   59022   58759
    8654   50049
   54556   42397
   38566   59390
   38197   42246
   39702   45456
   38827   45565
   61739   52881
   54341   45492
   39063   35717
    6689   53870
   61576   48371
   31624   45467
   36539   51996
   39240   45636
   20671   61282
   43583   47308
   38035   58873
   27493   56974
   29043   45436
   61691   45495
   58933   53890
   11640   50257
   37365   52976
    2326   53879
   50617   48690
   31720   61379
   51243   49471
   58604   54336
   62485   51824
   49968   44951
    8627   63762
   16223   56656
   19335   61410
   38329   47862
   32198   46699
   56413   36418
    4759   57743
    4410   54098
   28021   56815
   56366   57724
   38130   36011
   17358   55280
   11480   50604
   46761   47183
   16271   55503
   27188   56510
   58689   61640
   34126   46746
   59364   48273
   32361   59991
   35492   58360
   36403   48903
   32218   62122
   33610   44086
   28837   54748
   57442   38090
   18989   60037
   31871   44973
   44772   46447
   31032   45152
   37396   38924
   31793   46337
   36001   50147
   17314   54956
   28391   59730
   36701   43206
   24259   43678
   38181   57802
   52221   43490
   57012   37189
   11068   58255
   35416   50433
   23609   46656
   36501   48967
    5378   55302
    7385   51656
   29589   46786
    3594   53609
   38365   45290
    6885   51244
   31627   61090
   21657   45779
   31573   45804
   59816   53916
   32942   35010
   25818   53650
   55335   44023
   31133   64758
   52902   50105
   38396   44576
   56482   59948
   37060   58762
   46904   46553
   16137   57399
   32997   59655
   30957   47930
   34996   36782
   30927   61258
   48266   45184
   43439   43985
   54543   44843
   37599   57510
   35192   61069
   51274   51159
    4413   54165
   24392   57589
   30635   45556
   52346   41845
   62737   46856
   56490   35034
   59558   52776
   33275   60563
   36049   59576
   36490   44675
   58234   52471
   38443   39283
   59856   50041
   56636   35529
   55615   36243
    8868   52990
   30161   62149
    8633   49581
   58391   61517
   44201   48116
   60902   55082
   11226   57861
   60868   51134
   45652   46746
   36021   48965
   54241   43580
   58329   60180
   16803   53706
   42508   47345
   44577   46345
   31542   45614
   13252   62021
   16111   53619
   36799   61300
   33359   62329
   60804   57443
   22575   45576
   28582   58290
   61190   54253
   57762   60304
   35636   37443
   35130   50291
   51564   50111
    7002   54536
   31604   46454
   36421   57942
   51985   49754
   29079   60255
   56922   35768
   49685   50701
   46585   48285
   33630   58312
   36846   60935
   19506   63413
   33540   39200
   58845   62613
   63223   53981
   11450   52510
   26145   58505
   10622   52334
   38631   43541
   40358   44017
   59571   59704
   19049   59645
   38318   60919
   53307   51015
   53609   48195
   32819   47173
   36522   50164
   58116   61273
   10200   62166
   56809   36297
   33122   61567
   36611   43308
   30302   47776
    4222   57392
    9534   61767
   56941   38327
    3305   55031
   22876   45874
   22606   61448
   36195   51606
   58928   60595
   57803   50468
   36039   37098
   45806   46785
   29618   60724
   19143   53284
   53927   45077
   12930   62857
   28616   59416
    4362   53432
   35289   50416
   12622   58547
   18422   62176
   18892   60475
   10757   51325
   36847   53569
   59447   57392
   34947   39400
   59434   52433
   56487   61747
   61799   52927
   10722   61544
   11096   50971
   60787   51558
   36451   44885
    7625   54059
   54051   41019
   59449   62121
   24438   45278
   62549   54640
   23462   57642
   60366   46199
   55977   44177
   53141   41774
   19752   54971
   29906   47016
   63143   53181
   54449   42872
   20911   63782
   61599   53671
   34856   50507
   40028   44930
   54916   42689
   16638   53423
   52045   48784
   11721   61075
   38215   53643
   37202   42594
   41089   45626
   20338   62938
   10579   50729
   36552   51655
   39028   46813
   18480   54137
    7720   51431
   54620   43523
   27707   56972
   54381   36820
   61782   47084
   61434   46270
    5088   52898
   14665   53393
   16905   55169
   35727   58236
   60235   57996
   37321   45452
   16612   53816
   32910   36355
   35609   51438
   37836   43781
   44901   44409
   15101   50950
   50862   48277
   36099   51107
   57850   35626
   36889   59486
    9895   50510
   55368   41828
   35679   51251
   37099   38588
   62297   52300
   36406   50463
   45727   44795
   52531   50046
   36172   35806
   10834   51147
   53300   49981
   62592   54099
   33486   56845
   57857   36922
   53222   36200
   36672   36938
   57785   59295
   37372   57669
   55645   43363
   53727   41735
    7739   49873
   53344   42929
   36945   43736
    8778   63637
   17200   52488
   32744   43999
   36087   35914
   26896   57284
   30061   61246
   35412   36473
   51354   46853
   31472   59250
    4962   56531
    3746   53927
   34914   58404
   23906   45475
   31530   59440
   30395   60514
   57316   51557
   53771   49411
   36407   36157
   14909   52137
   30075   59907
   20294   61802
   56429   35600
   57603   34029
   45786   46580
   25208   56211
   18999   61780
   22378   42929
   10229   53155
   43524   46836
    5764   53896
   38015   46380
   58569   46086
   50663   49713
   45230   47186
   31879   60106
   18015   60258
   31127   47321
   36602   45948
   52046   47422
   18261   53072
   56338   39718
   21096   59815
    9817   60728
   57306   37084
   51936   41784
   24535   44138
    9706   48399
   35534   60214
    6666   54030
    2916   54180
   62583   48197
   31154   45908
   23589   42521
   13348   60275
   35436   37366
    4761   54969
   60526   53180
   27012   54253
    2596   56386
   28777   57742
   58219   61499
   54026   42248
   44877   48055
   28250   58482
   57652   35563
   20211   60986
   44324   44879
   33361   48121
   12236   51043
   38027   59660
   11225   51892
   25819   45207
   58167   57737
   44279   43434
   38038   48847
   57391   35246
   58656   47841
   52899   48633
