   60241   27570
   60182   45869
   59546   51764
   57888   59084
   56084   35246
   53753   42298
   50965   23385
   50904   48717
   47135   59125
   45461   25872
   44309   45749
   43699   34782
   43237   54956
   40644   29020
   37748   44010
   35958   58006
   35707   49933
   35475   36601
   30554   45009
   30375   60212
   26444   56227
   25553   28056
   23204   44859
   19644   60364
   17530   25319
   16834   53826
   15879   37827
   13926   43348
   10474   59840
   10207   50195
    9642   38325
    9635   29484
    5139   42437
    4725   54021
    4065   23949
