   35546   49505
   59297   57367
   41916   34429
   10805   37657
   59674   24878
   44343   46331
   51271   41252
   55757   59177
   26119   55228
   29115   62802
    8418   37342
   16193   36259
   27896   59461
   20653   62961
   60806   52983
    4730   23180
   16946   38537
   37935   58459
   25573   44780
   45639   46267
   13707   42127
   50908   47596
    4791   24237
   45010   33501
   15392   53579
   59316   50743
   58351   26436
   42741   57727
   52617   49460
   24570   55662
   46137   56392
   42237   34262
   59850   46681
   59753   52591
   15199   53223
   25894   44842
   59461   57251
   36333   60512
   37852   29403
   52061   36486
   10967   51076
   16518   24663
   19299   28112
   61671   29284
   58702   51112
   61682   51161
   56462   42733
   16142   23942
    5188   23943
    5706   53205
   59152   52109
   36048   49799
   24014   44873
   17384   37851
   20058   45994
   62111   29684
   46121   26077
   56599   31660
    4068   44238
    6136   44329
   27471   62782
    8224   40782
   31518   45790
   49486   49476
   16855   26632
   58964   28414
   13627   42127
   52875   46329
   52540   35742
   34875   58388
   57270   58393
   17559   55061
   32539   58342
   18767   60985
   20187   59082
   33199   57554
   43637   47501
   50511   45158
   24950   26484
    8508   36723
   35581   56575
    3774   24675
   30001   43057
   25497   30730
   56966   36054
   34845   46900
   45229   26212
   11914   37710
   42885   43424
   53695   41876
   23635   26488
   56420   33286
   57012   58442
    3420   40792
   43051   54413
   38384   44349
   29750   44627
   52380   26082
   15223   37418
   45217   27688
    2659   53491
    7652   30430
   61112   45484
   11138   48042
   45657   57651
   51145   51511
   26277   46870
   15656   55281
   18281   39185
   48623   28078
   57191   58526
   15917   52931
   19934   60059
   35715   35049
   32691   45377
   16884   24236
   36624   58909
   15721   38939
   38633   44936
    5829   26891
   53288   48577
   57430   34173
   38631   42382
   13744   52654
   32388   32912
   24173   42512
   14839   25260
     894   24681
   56076   35702
   49389   24842
   41169   29731
    5028   21796
   11815   58248
   20433   59887
   35928   38445
   10271   60510
   41496   34384
   56853   36827
    8803   32264
    9675   38028
   46727   44810
   51634   41676
   26789   53709
    2046   55342
   33363   45845
   12126   29771
   60502   25482
   60710   45087
   10873   28150
   20238   61647
   12231   48044
   42722   46767
   18616   53201
   28802   26573
   48434   59614
   12545   38674
   23540   46249
   17206   26700
   30823   59078
   31657   59010
    1948   22376
   35848   59537
   59818   45806
   25339   56578
   46790   34893
   23560   45345
   44159   24578
    8836   31964
   45201   26615
   52895   40396
    4978   22611
   54389   41903
   43307   34574
   57890   53523
    8881   51111
   27946   28999
   36053   35896
   19344   62840
   60641   26727
   42568   29385
   61395   46119
   59795   44489
   23661   43901
    7506   37673
   60525   50455
   40926   29084
   44980   46433
   15922   35696
   29468   61338
   60119   54375
   37456   43316
   14941   44280
   22296   44995
   51443   48057
   12244   41823
   38451   59019
   58176   53199
    8125   30728
   53761   43403
    5627   40629
   27766   44204
   55214   34719
   25001   45627
   51436   48575
   18949   24091
   45590   45829
   36513   41768
   53041   41762
    1983   23016
   34725   59050
   45344   25014
   59101   28561
    4978   54499
   45942   24596
   40641   23826
   16512   55230
   18764   59172
   34660   57638
   40332   27572
   49901   43636
     949   44830
    4713   40041
   19695   53726
   17396   57433
   43354   36491
   30760   45924
   18824   29245
   43690   55642
    9125   40694
   13673   42787
    4856   24447
   59865   51003
   28476   54046
    3948   41917
    7031   37680
    7090   24381
   60601   27545
   53589   34387
    2897   24856
   12657   42917
   35514   43719
   58386   54126
   52081   49489
   45934   30854
   58014   53809
   24101   28711
   25713   26756
   36381   52770
   46930   62762
   31448   59927
   16992   51815
   17702   39962
    5607   53420
   45277   35127
   37223   44069
   44687   34822
   46316   56515
   30235   59736
   57009   36334
   38988   31715
    4025   53331
    3491   55102
    7561   61021
   30362   59196
   11476   37849
   56634   36092
   18430   25763
   60861   60660
   42678   29186
   38896   38874
   44489   27410
   26715   28782
   43737   56928
   13931   37862
   60011   49886
   58858   58838
   13283   43735
   43601   46919
   10444   51042
    8479   29223
   11954   63340
   11266   47149
   58949   27611
    6081   42225
   28721   59763
   39519   44357
    4054   23542
   10958   37100
   49498   47624
   57163   32632
   18728   61944
   31792   46103
   11616   38833
   51414   23118
   30150   45514
    9667   37516
    9436   40722
   61565   26571
   19439   53600
   59748   29320
   10567   61071
    2037   21949
   19545   25494
   30682   45890
   31320   60589
   60072   51501
   11097   29135
   25012   26290
   37741   27869
   10216   60154
   40824   28745
   12601   43739
   25109   56417
   38961   50227
   57376   26748
   44750   34610
   34707   50043
   56654   34800
   47503   59980
   44280   33867
   60973   43825
   44868   26534
   44720   46277
    2827   53608
   24690   57613
   59150   57549
   51546   49680
   10081   57737
   37004   35221
   59771   58620
   30750   58834
   11585   60290
    6435   52672
   43148   53760
   30418   44657
   14238   39602
   45306   25965
    9441   50343
    4753   24184
   25916   28365
   52366   33053
   62430   53034
   58683   56655
   17057   37353
   56619   39634
   43701   56882
   45090   57235
   52107   21150
   40520   28503
    9897   28490
   44138   54632
   34466   50054
   59953   45389
   61310   49722
   43261   38108
   47389   58806
   20528   60152
   14823   37508
    5365   53430
   41312   35601
   30334   59872
   39468   45148
   31477   59334
   36892   52297
   37066   46005
    9721   30334
   50221   23718
   17980   25260
    8184   47904
   10052   38563
   24858   28055
   53371   40882
   21673   59416
   42648   25557
    5413   26551
   28224   57542
   48904   50964
   33289   37628
   11639   60658
   36035   44994
   59692   44645
   17525   23155
   39943   28143
   29782   61349
   24140   27726
   10325   50271
   58870   45226
   35763   53479
    9841   59925
   55258   43614
   34842   51826
   16500   22665
    5842   52841
   36922   38430
   55896   47225
   14777   36426
   24989   24825
    8262   29745
   38628   42425
   59356   45572
   18051   55242
   51676   41313
   43605   54433
   59701   25977
   41742   54194
   36307   50278
   19291   57452
   38928   44200
   41539   54557
   35937   58405
   22116   47089
   52041   22283
   43115   47237
   25596   58567
   48529   46961
   10409   55838
   10541   58366
   57100   58084
   13682   38082
   43602   26327
    7785   43008
   46224   58268
   31713   45798
   54147   34725
   57935   60848
   30866   61518
   56736   59120
   42822   36259
   42574   34477
   39992   26930
   20045   61007
   39051   42209
   17848   61122
   60774   53105
   16868   24828
   30890   60903
   44769   34535
    5202   24235
   10813   57597
   30739   46310
   60650   28202
   12675   42095
   58730   46803
   36552   42273
   29989   43024
   55175   36385
   14917   26140
    5849   53803
   60574   51754
   41872   31011
   18128   40443
   40528   29122
   36958   38782
    6707   45098
    4705   54880
   28236   54891
   24009   40481
   19668   59725
   50025   21549
   60221   27253
   26796   28401
   47650   27533
    4156   22920
   24016   28500
    7667   30002
   39857   27581
    2946   53519
   40211   36581
   41384   37669
   24389   26848
   27879   53983
   14330   44486
   10720   62473
   55843   43461
   36329   34019
   31544   51040
    3722   21956
   21799   60449
   26440   56269
   33189   39289
   10896   39037
   32147   60334
   60455   26330
   48837   48575
   57040   59231
   41775   34315
   16056   24256
   10116   39406
   31134   58676
   40166   27908
   45366   60734
   25794   56088
   22850   45783
   44395   27634
   43996   34242
   18315   55201
   54920   35189
    9379   37976
   42894   32927
    4407   41845
   55828   33876
   42177   55116
   18763   24448
   34071   46853
    9819   30044
    6450   42774
   42654   36194
   38144   29644
   26067   25246
   14801   53213
   22065   46398
   31589   43691
   46228   58634
   35189   50295
   10601   31163
   20009   60409
    7558   29800
   61971   46440
   53855   24107
   59493   59925
    7617   54283
    4915   55806
   35770   57807
   58700   27188
    8932   62598
   35084   59440
   13298   42991
    5671   52955
   47963   59842
   43292   46926
   10692   39078
   60372   44439
   14896   42618
   60086   50479
   58202   60472
   27038   60527
   17329   24473
   59307   52419
   12250   43253
   49864   21681
   37080   56004
    5723   53999
   53579   47959
   36706   35481
   41273   35067
   45793   25811
   45123   33068
    6164   54498
   42705   33706
   42968   34995
   45462   46015
   50739   49679
   61930   46257
   38722   44656
   13911   43400
   58485   35736
    4621   41587
   31078   59348
    3910   54867
   29643   57325
   34472   44986
    4557   24618
   35419   49363
   51292   22995
   10824   56861
   15825   51910
   49764   23889
   49944   24275
   57070   61127
   25030   44573
   55264   37963
   25132   26510
    3506   39777
   60534   29342
   43797   45072
   19628   61511
   47866   61415
    9815   50653
   24230   43575
   53212   23495
   57369   60485
   11292   30455
   40551   43121
   43054   45478
   12878   36872
   15494   37841
   47474   60349
   49587   48428
   36620   58389
   44552   55510
   30499   61558
   28715   59480
   55716   34829
   43729   24860
   34465   45660
    9704   54563
   59632   59033
   58015   33030
   38237   48625
   12812   61175
   39289   31060
   54146   41202
   34639   35788
   36792   46817
    9485   36958
   28751   58360
   39339   43794
    2974   23340
   41337   27737
   10455   50923
   34123   37958
   52220   40576
   11317   51837
   35159   50779
   60343   52190
   60540   34103
   25244   26468
   52221   48011
   30489   60077
   57911   59161
    9342   32032
   37033   49325
   21105   45331
   38069   55943
   46559   46467
   33376   36551
   55315   59105
   42602   35679
   27360   55934
   19057   25994
   37190   36876
   43367   35070
   59972   50086
   50287   21383
    8422   43250
   37828   57851
   22126   61424
    1452   22110
   43210   26766
   42608   53636
   27268   55029
   35197   38633
   58643   62544
   59882   44607
   16166   54679
   46465   25650
    4714   57001
   61347   49963
   34783   33974
   10426   29327
    4992   42545
   42366   27329
   20960   43907
   19058   51974
   23292   44226
    7988   27975
   29795   59553
   13837   35211
   28036   60557
    3631   23516
   45644   35586
   36148   42756
    7582   25212
   51320   49118
   35824   58802
   26138   44924
   29076   64142
   35783   56895
   37262   48931
   17790   23197
   30509   59837
   46887   58903
   10022   30615
    9591   28597
   36104   44858
   48268   58780
   24683   28165
   51041   59578
   28078   58870
   44971   53046
   61794   29203
   51245   20654
   36066   57264
   21823   46630
   45779   47297
   43338   46099
   50277   49607
   45074   25167
   57420   56995
    3278   21246
   53950   22439
   19400   59155
   60642   46219
    8467   28664
   15122   37037
   35614   43967
   52922   47579
   38167   44955
   35002   47288
   12700   50715
   34612   50949
   45278   59639
    4495   44091
   35193   58621
   14606   45093
   14535   38111
   16090   36549
   13562   41690
   38370   43590
   60069   28119
   12134   61178
   52661   42382
   18815   62114
   58634   43703
    8809   58271
   14782   38036
   40552   54754
   34913   61426
   20105   59016
   61698   26297
   47693   59141
   15724   38079
   19098   60621
   14571   36397
   16694   54124
   43226   55759
   61444   25396
   57627   27881
   10422   29686
   51497   47766
   44984   37272
   57021   59529
   14273   38241
   12474   57795
   58359   59267
    3240   23761
   34168   50938
   43588   53626
   38530   37831
   45331   23575
   59427   51337
   49541   47532
    5675   43237
   55673   36783
    6501   54599
   15085   26535
    7998   28410
   11187   30503
   60779   27398
   15634   37284
   33186   43524
   16069   52884
   52570   23284
   51245   50137
   36048   49597
   50448   22046
   51939   22120
    5928   44182
   44191   24892
   31503   46222
   30122   58919
    3376   42779
   13645   43424
   29254   59416
   43808   56317
   17962   26023
   45470   25176
   28892   56367
   45384   36530
   27091   54253
   11032   38088
   60205   28420
    3633   42132
    5701   54322
   28368   60908
   29530   46416
   23642   45424
   26560   56548
   14816   42924
   16437   52739
   35715   38983
   10946   30147
   18826   36811
   39993   27448
   29766   58683
   26846   28612
    5698   22952
   14015   43167
   36174   35366
   59899   50243
   44090   24909
   50580   48511
   60249   47899
   12976   42893
   54307   44020
   56001   35127
   36302   41425
   35834   41572
   14977   52231
   26291   28313
   27183   26224
   57237   41749
   51139   59585
   12555   38423
   38855   49311
   34771   59105
   35185   36969
   10224   34459
   54781   34591
   10523   38109
   45934   61462
   19271   25591
   21185   60062
   15241   45564
   38608   57465
   10446   28824
   38504   28876
    4525   54327
   34555   35089
   53719   41851
    7736   60919
   51722   48853
   10495   59902
   22821   45763
   45942   62277
   41965   56183
    9529   37315
    3603   25332
   31378   46911
   45681   27122
    2375   43954
   51526   41555
    3373   24827
   58348   48287
   58018   42944
   37356   43223
   60502   53335
   12412   59050
   10301   30834
   24824   54698
   56617   59228
   54867   34149
   55095   52085
   21972   60531
   60524   26488
   12029   60342
   25888   54491
   51916   22386
   61133   44700
   24710   56117
   25496   52962
   25901   45959
   30675   45875
   45255   49117
   46377   57225
   10546   60683
   50211   47660
    4320   42737
    7497   53513
   60652   51129
   44795   45763
   44904   56368
    9327   37565
   50719   47508
   35552   48305
    9725   51363
   42617   35670
   30227   60750
   26916   58640
   10948   53029
   61623   44381
    8056   37976
   30148   61153
   61512   52776
   52639   41267
   14952   51337
   41186   55401
    4003   42348
   42377   28058
   35111   58432
   19007   61003
   49899   48712
   42196   52532
   27476   28969
   20426   55459
   43478   45608
    2867   22959
   52296   42854
   17506   27041
   14958   38871
   11133   48302
   55762   60953
    8668   50711
    2865   41704
   59155   27035
   43952   55424
   54995   43655
   31175   60213
   11707   50831
    5923   55070
   25926   58142
   55576   41873
   27427   54209
    9451   30100
    4667   52631
   60739   45570
   21778   43648
   61878   47010
   16412   53126
   29000   46113
   16308   53650
   56080   35833
   61702   59116
   28262   29679
   27587   57391
   12018   44436
   47633   25255
   59337   42941
   58681   58891
   22211   58498
   37289   35052
   44610   61047
   10625   50748
   11568   27393
   58614   28773
   18786   52874
   38406   50159
   56861   38405
   17987   26518
    3280   54325
   34086   35320
   43714   42881
   61787   53406
   30038   41895
    4592   23051
   59379   48500
   13050   61662
    4418   25248
   52431   21894
   15639   42673
   35946   35699
   36683   51494
   60794   27054
   15793   51066
    9074   39973
    8651   41863
   13437   62373
    5590   23060
   12893   43813
   43237   54823
   51456   22445
   10338   60470
   22593   45289
   24628   28482
   58122   34536
   25210   58815
   42577   55992
   12765   37819
    5454   53781
   11977   43295
   16781   25568
   26769   56753
   17104   54251
   50696   49628
   53989   42372
   25310   26748
   56910   36503
   49969   48068
   33063   56115
   25189   57568
   17502   36648
   17360   55652
   60188   45957
   43462   45636
   56505   34457
   31265   60482
   16543   54520
   42862   34504
   25419   43906
   51406   49935
   10099   31697
   58622   50401
   54159   24796
   38514   26629
   41983   53565
   26836   29055
    8165   30977
   20089   62129
    6984   43913
   37417   28491
    7352   50106
   24794   28701
   14416   54620
   24426   55480
    8488   49132
    3715   53236
   40421   43286
   43088   32741
   10093   57968
   44310   46642
   38429   28637
   10254   56364
   26945   58804
   36006   44533
   19247   23951
   44612   24926
   44976   25731
   29669   44764
   34988   36892
   51279   23923
   30885   61062
    9686   39476
   36024   58025
   31713   42464
    4170   52692
   15486   26648
   29317   64018
   14242   46062
   10112   52474
   27361   56240
   11481   59797
   15836   45980
   55884   33627
   52169   49412
    4122   53342
   14238   27140
    3829   40341
   36208   36470
   30728   45467
   30182   61719
   30664   43973
   41645   44900
   19058   56889
    6925   40172
   24676   43516
   31258   45528
    7647   23763
   17561   51049
   17510   52863
   37050   38142
    9796   36843
   39732   56921
   42200   56200
    8986   40435
   41745   43699
   14816   55172
   11342   44595
   48789   58150
   19762   60770
   53340   39854
   59471   50576
   40493   28761
    5481   53730
   14133   40193
   11073   43577
   10442   27678
   47369   59613
   38471   29587
   51152   46601
   59191   45551
    9819   58554
   36844   49197
   61213   49916
   41017   25373
   59958   28116
    2814   42818
   56661   33449
   37956   45047
   59791   26185
   41543   44527
   41299   29883
   30517   46707
   30721   60879
   31582   61732
   17672   28124
   26058   58097
    3024   24933
   13331   41632
    4298   38715
   58176   26916
   13309   42292
   61265   51193
   60748   25040
   49832   41548
   59301   26122
   19699   62296
   54698   36576
   42378   35745
   36028   44106
   48548   57337
   45525   24692
   44191   46111
   36195   37293
   53683   36353
   61102   46312
   36105   51866
   20230   60131
   48262   57550
   35412   50437
   13778   43055
   20003   60955
   53655   41979
   24853   44478
   44095   25500
   11304   58688
   42287   55605
   18640   59549
   34473   57654
   52385   48925
   17511   24471
   61648   47644
   59352   48444
   27126   54499
   38412   28839
   44021   29339
   39118   43300
   50817   50224
   25778   26123
   50652   48996
   29754   63112
   45242   56640
   16200   37577
   58633   54156
   45609   26085
   13373   37561
   54356   43953
   36226   39249
   37419   43143
   21180   46364
    7804   38781
   40371   30415
   44197   37340
   12209   42018
   34564   38714
   10633   50668
   38026   57280
   25991   58191
   48368   59001
   11057   29736
    9652   49848
   60606   47553
   36089   50994
    7646   39206
   32486   45285
   36717   38099
   35600   34522
    9633   50259
   50172   47860
   40219   25879
    9543   37242
    4470   43441
   23546   44360
   15669   56859
   51852   24152
   26160   57328
   15291   46302
   60160   29029
   51346   23836
    4372   44685
   18832   27497
   20656   43529
   30263   59404
   26841   54215
    1008   22117
    5313   53165
   33990   50289
    8891   42189
   55355   35132
   14423   25801
   12094   42449
   54931   42810
   17002   51945
   47650   28041
   54448   42846
   22943   46047
   43803   53692
   53009   45720
   56571   36615
   11622   37865
   16151   37404
   37832   60136
   53142   43422
   62409   53289
   45186   55167
   36988   51376
    8656   60454
   29334   44178
    9835   40769
   34595   33970
    9468   39603
    9725   49372
   43972   38240
   46298   23562
   19021   61319
   13742   53876
   10793   49879
    5530   43471
   17578   37686
   17538   51935
    2854   24170
   54628   35291
   27950   29629
   20705   45156
   18137   26037
   61761   48521
   44764   25148
    3567   52072
   46731   58185
   62188   26031
   24988   29977
   47101   33612
   60164   25893
   16837   26072
   51971   24444
   41660   54312
   16969   42472
    9237   27750
   18481   60786
   29673   59444
   25528   57475
   62019   27673
   11844   38738
   27859   55438
    1751   53803
    6172   53566
    5039   52221
   18909   52601
   17601   61680
    2296   25155
   41489   28005
   14089   36807
   53484   45006
   17589   54560
   37080   44440
   41393   47923
   50676   47882
    4222   42123
   10304   29461
    6906   28815
   24288   57687
   44444   44968
   37168   42902
   59590   45610
   24885   46243
   53367   24210
   12707   44732
   16724   55595
   46070   57360
   61331   43082
   44993   47285
   57484   33755
   37506   58549
   28689   57577
   56020   44948
    8869   27868
   18551   54688
    7847   47923
   55176   34355
    6928   53837
    9934   51608
   45018   45803
   58936   51829
    3182   40846
   49995   22514
   28155   45255
   43133   44100
    8542   59770
   40369   55514
   18489   51924
   11264   52550
   52714   41735
   44860   45401
   10163   29088
   51504   49603
   38471   45196
   21585   44932
   24890   29543
   27034   45408
   37122   56772
   34946   37735
    9631   49449
   17488   25743
   61001   29349
   59520   57478
   17928   25576
   60678   50751
   26732   56854
   40813   29403
   25214   45978
    8329   52004
   55423   35207
    3747   24153
   43911   45724
   16886   55893
   47518   59285
   26989   55322
   58171   59816
   43266   29454
   15264   35408
   46588   58873
    6605   54026
   55615   39213
    8524   30378
   19455   56683
   18689   60259
   33187   50018
   25359   46497
   30413   43945
   36655   43690
   35942   60910
   50876   49734
   24431   44071
   44577   53785
   30821   42973
   13431   43471
   37561   49995
    9484   49619
   34885   37762
   16079   38877
   60260   29732
   40017   29413
   35829   51420
   59128   50589
   55576   35700
    8531   62942
   50691   23291
   11740   59652
   53920   42968
   62262   46903
   57109   59398
   42785   33228
   54951   43538
   26435   28758
   23827   25432
   16024   52949
   27897   57731
   42011   35696
   23993   26897
   60059   28732
    4344   24918
   28687   45223
   11058   58087
   36632   50048
   11268   29313
   45917   46768
   54626   43461
   15706   24699
    4530   25789
   36443   51660
   17268   25815
   53656   41913
   28047   56907
   31524   44845
    3829   42607
    2497   53171
   14024   40384
   51019   22244
   40404   28516
   30408   63018
   38050   37010
   59183   58245
   56207   58396
   55902   34462
   43338   56219
   13795   42806
   12609   32080
   16708   37864
   33901   42137
   36670   43457
   57200   35693
   42847   34244
   19025   62636
   45517   33956
   28294   60680
    5078   43688
   18403   37768
   17849   53689
   56312   34576
   43587   34865
   49362   21865
   62349   52922
   24699   28271
   55909   35079
   10002   29085
   14645   40465
    9784   30841
   49053   22676
   38898   59326
   56075   43071
   44570   47080
   10218   60133
   11005   59848
   44721   57831
   62431   27902
   48184   59753
   32599   57242
   44445   54947
   61778   28715
   34539   48042
   42050   30416
    7892   41377
   36181   57684
   10484   52679
   33395   58278
   44378   25296
   60403   46465
   47296   56836
     917   42088
   36155   46086
   11591   36925
   44650   60694
   45222   44704
   59028   34433
   31145   45032
   16328   52639
   27713   57427
   21348   47547
   57689   60812
   37576   34698
   37878   44712
   26059   28450
   36791   56396
   60114   27116
   60982   50994
   40452   29651
   27532   59289
   58862   46266
   34553   36316
   50415   50077
   46681   59373
   43236   42815
   16902   26513
   28257   58652
    9795   36922
   60313   49557
   26499   54391
   43586   52147
   45509   54192
   53300   41958
   32179   62498
   28169   57906
   54624   33896
   21894   45553
   24315   29067
   44482   33700
   10513   37095
   59325   27351
   42067   56294
   58438   51888
   58273   29493
   40361   28667
   31804   46189
   51135   47611
   12909   50774
   13698   35566
   33015   34994
    4617   40357
   14929   36910
    4929   51048
   23460   47149
    9063   39410
   56909   34845
   25310   58129
   50885   47744
   54372   42125
   26140   55358
   39272   29370
   56644   33949
   47131   57719
   44637   26150
   29362   47441
   36695   57484
   47947   57572
   57263   34076
   21514   61173
   19698   58963
   43957   26138
   48995   47894
   10319   62431
   31730   60252
   32018   59149
   20130   59952
   47109   58064
   20010   59733
   62171   44736
   22228   43134
   55775   60586
    9538   59116
   60186   59053
    4265   23831
   27701   55093
   44946   27149
   61695   27685
   44134   45523
   35500   37367
    6250   43099
   33856   55956
   60684   53227
   14749   53899
   29218   59842
   34505   38899
   36314   42899
   23196   42015
   45719   27022
   34117   58619
   56017   58866
    3190   24760
   16962   38535
   38472   44317
   39694   27962
    9579   39047
   37958   47446
   18213   24827
   11583   40675
   37612   38699
   50211   23478
   13164   37091
   29210   43704
   31392   45745
   42526   28024
    8419   39381
   49928   22564
   51487   49624
   34466   48775
   37434   37095
   51345   25440
   16367   37711
   15004   42307
   43480   54527
   14522   38615
    5971   44428
   44666   37014
   11638   60356
   38302   47823
   11332   60501
   39283   30142
   31857   46295
   30956   44177
   61099   29083
    9142   29191
   52460   41243
   24028   45179
   51514   25363
    2514   41253
   51445   24321
   15903   39953
   45509   57926
   15190   43388
    3514   25310
   24533   28927
   61284   45441
    3946   41094
   35539   50166
   54258   44302
    5676   24532
   43838   32039
   51805   49498
   16515   35083
   48524   23884
   47870   57743
   32172   60307
    5484   54333
   44773   44472
   21762   43634
    4293   55401
   24887   53865
   29544   45272
   44528   55913
   54519   43642
   35668   45488
   44292   56530
   14085   28166
   36237   45217
   34429   38562
   36930   55331
   26974   62911
   16185   25163
    5954   41585
   43654   23418
    8944   30572
    5567   22531
   20334   61581
   50848   23971
    7967   39056
   10963   60408
   37955   38784
   16933   53507
   25670   29585
   45492   45184
   61491   48260
   39872   30176
   41587   57430
   52308   24602
   22335   44581
   45171   45436
   47200   59031
    4538   25811
   15291   54334
   10040   60059
   17444   52150
   45434   43766
   54736   36726
   25400   28415
   45030   47358
    3032   23908
    4818   54966
   35566   43812
   35348   35091
   60563   49392
   62307   45105
   41761   28334
   26946   57437
   35400   49266
   45602   47699
   51096   24115
   38652   43589
   51953   41115
   35706   52352
   54268   43420
   57813   45740
   47967   59323
   42175   32217
   15360   41918
   10338   58184
   26741   26922
   47776   60314
    8338   60319
   49522   20784
   29600   45499
   14312   43885
   25068   56180
   44388   24099
   16901   53816
   32495   35895
   24581   42479
   17428   37000
   18197   61377
   25766   56091
   55003   43219
   54879   35558
   25784   57903
   35407   45071
    4134   42080
   43878   31474
   16772   41789
   47649   44608
   37884   50585
   58670   51762
   59247   57869
   18310   54461
   61598   45003
   45203   24338
   34355   49584
   32527   34568
   43925   55240
   29427   60395
   36509   47537
   44538   54319
   10369   30502
    4734   55609
   61007   30785
   45568   45030
    3978   23217
   52021   50652
   62833   25956
   34908   37903
   35339   47420
   42589   46455
   16007   41508
   43394   55343
    4593   56428
   60349   57522
   46305   45959
   54636   40466
   40740   30873
    9830   30837
   17794   37799
    7820   49655
   61157   45321
   14611   40424
   27012   53620
   56608   53024
   51380   46816
   36452   37390
   19267   62597
    2938   23521
   11335   61153
   36138   45361
   37350   50837
   37402   36276
   58855   51176
   25166   27443
   18121   58870
    5608   42777
   46415   58450
   18383   25446
    8346   29467
   37961   43017
   30406   42221
   40626   29529
   22649   28486
    4687   53543
    9049   37487
   60320   49012
   59438   56138
   33494   36540
   12209   44229
   62496   43916
   46353   59003
   46518   59404
   35316   33423
   22984   45050
   38112   29441
   42351   28785
   19632   53822
   37555   48222
   47763   47492
   33588   49671
   30608   45304
   57564   52301
   41287   43899
   43888   55495
   52315   49319
   40720   56335
   13509   42666
   19382   63395
   37712   41709
   30519   60575
   30975   44646
   59447   51355
   40587   54291
   29536   45838
    7915   36954
   30786   43828
   51663   20962
   46893   54869
   34657   37659
   10550   28898
   10981   49305
   46357   57151
    5556   42645
   21349   61968
    5562   53837
    2194   26885
   29900   61662
   45098   58056
   61436   30223
   34189   35807
   33828   36597
   30475   46664
    3291   25152
   15617   44932
   22749   27675
   50014   23098
    3647   42965
   41321   33982
   38791   28417
   24134   29482
   27058   29986
   60210   27232
   56503   61166
   28541   58430
    6618   53179
    4482   55505
   58041   57627
   36039   48341
   11831   59081
   52736   43734
   17399   45218
   11196   37023
   35660   50287
   24142   55523
    1296   41453
    4239   43805
   45570   27569
   23696   54533
   18862   58907
   22988   44118
   30056   46474
   57324   34734
   40798   29933
   22731   44689
    4290   52333
   47808   58754
   25217   45683
   59182   50285
   54495   56286
   51919   22546
   57860   58007
   11496   58947
   60802   47068
    9151   38825
    8577   61455
   61075   27191
   44781   45786
   13433   38254
   15942   56662
    7007   29910
   62217   28104
   20417   60494
   63370   45884
    6506   41645
   24779   29722
    9816   36855
   49043   34993
   44280   26293
   62591   26993
   58378   59625
   59834   28141
   43718   35031
   35275   57488
   16893   25122
   40530   31441
   52550   23317
    3878   43413
    4082   52913
   27467   57447
   60987   48401
   48535   46223
   43463   22896
   12924   43633
   14193   37146
   58582   60563
   50393   50758
   55963   58727
   35069   49627
   46923   60229
   58860   51752
   46232   58425
   51075   21644
   19493   24887
   55470   42381
   49860   22221
   42377   34121
   15718   25497
   20582   45959
    3834   41454
   34534   50571
   58854   52919
   11968   58691
   38840   47026
   41560   56240
   26731   27876
   55130   32613
   49718   23168
   21687   44979
   24694   26367
   25177   55242
   53632   43440
   31982   57681
   52560   50814
   32661   43644
   42188   44864
   51152   48744
   20836   59046
   10724   37525
   31575   58716
   43328   32882
   48484   58286
   47001   24756
   11824   26962
    5884   51941
   46164   46580
   25704   29764
   16777   25359
   52092   49784
   44959   35167
   36941   45215
   45537   45294
   28122   28920
    3771   25719
   32169   61430
   33776   55987
   45364   33095
   17367   24594
   54759   34673
   43934   23213
   37594   43236
   18871   51566
   16974   24082
   47329   25834
   17030   24430
   17201   39074
   39978   47150
   50949   48339
   51681   45290
    4826   21979
    6176   43619
   43603   60576
   28683   57407
   42205   44895
   37021   45533
   23726   29498
   58286   52031
   40975   29310
   17094   53425
   16087   39270
   36873   44927
   15180   37909
   23049   46303
    8317   31050
   52235   43593
   53729   43219
   37411   59122
   19659   21415
   39367   27286
   50925   48541
   13745   44363
   57499   36311
   45104   26569
   48881   24228
   39614   30784
   29697   59137
   45320   22182
   34604   59669
    8948   58608
    3617   22527
   60156   25507
   58813   47990
   54795   38573
   31812   61323
   44229   32829
    2269   24231
   16054   55988
   14973   44050
   41815   29195
   53398   43770
   29914   44719
   30138   45972
    9078   38726
   52638   48501
   42341   34702
   61369   51251
   12008   58420
   18201   61721
   38879   43601
   37266   56882
   42189   30084
   44143   26464
   10893   49089
   15663   39807
    8149   60049
   38642   43168
   14067   44806
   56242   59503
   14895   41365
    5606   45229
   37089   58692
    4424   39869
   49814   22763
   24358   27633
   10075   48613
   15404   24870
   35747   35961
   13170   41517
   58552   34610
   59063   61023
   26259   55919
   37009   50665
    6657   54030
   56822   57104
    2429   22288
   31180   59521
   22753   44896
   24992   27565
   19757   56557
   19158   59031
   12548   51547
   38567   35265
   20263   60620
   23830   27380
   17269   25349
    5217   55918
   48789   60495
   35161   35366
   10735   29743
    8227   39139
   10439   39606
   57937   57398
   36898   56928
   58801   52767
   27120   46386
   42257   53491
   12059   41470
   58686   58126
    5849   43773
   57108   59720
   50043   59048
   42357   44214
   24480   44200
   14029   53667
   33530   56923
   17108   54583
   11343   41951
   35642   50452
   17456   26189
   59047   53225
   10315   60301
   61004   52248
   28416   57001
    6226   40019
   57194   52148
   11175   59264
   15861   42881
   17220   53722
   60144   59867
   61855   46137
   59677   27883
   15182   26610
   46628   27624
   47194   57610
   44401   33646
   10954   30528
   43260   34943
    9610   39689
   55705   35150
   12244   49180
   14906   38483
   11636   49520
   41981   29893
   58181   46222
   19560   60184
   13832   44314
    9107   58547
   13824   37378
   40346   29787
   60163   52927
   11666   36169
    9899   49825
    9130   31558
   24894   55489
   59927   45471
   41300   27961
    9015   59230
    7655   49235
   24690   28433
   52479   26794
   12812   42961
   43588   53879
   57706   36957
   61794   45089
   48093   48847
   51658   25451
   20454   62980
    9675   29409
   39757   27810
   44946   42258
   32597   45301
   46966   56405
   38257   43698
   17496   26318
   17000   36353
   40120   29081
   55069   58403
   16701   54462
   28765   57296
   45122   46441
   14508   53392
   54220   41543
   58547   53001
    8978   28090
   50468   48101
   54484   41591
   57818   36474
   26456   27662
     770   23191
   25839   27562
   10909   50127
    8716   29425
   54560   35032
   30403   46958
    7437   41383
    3355   24709
   29540   59352
   57791   52937
    9548   49906
   22714   45420
   44602   58814
   41888   34501
   19728   61905
    8560   29508
   17769   34464
   60005   50898
    9912   51973
    8339   39284
    4258   24714
   16284   38255
    9465   31115
   42618   55808
   30378   43157
   15789   54786
   60056   28356
   56054   52169
   64691   50948
   20513   62539
   12278   57902
   13864   41156
   46355   25594
   44441   45522
   35630   35459
   20234   45802
   17436   53910
   41794   53379
   55891   34988
   25878   52642
   10547   48630
   49611   57641
    8359   29600
   44108   47308
    4766   42419
   60220   27221
   45831   25783
   29428   57368
   58601   47656
      17   53801
    4450   56025
   58133   59559
   52375   41772
   60705   46366
   49778   47221
   16479   25135
   46386   26185
   44009   45753
   14932   44282
   56576   35512
   27181   56894
   35426   43662
   51888   22731
   31379   58565
   35643   36981
   24916   28314
   56465   36117
   45307   46959
   43073   54867
    3437   53344
   10458   50079
   63134   47142
    7865   58669
   26848   55785
   21523   61439
   57465   60338
   20241   28422
   55192   40969
   43964   53370
    5316   41856
   25350   56240
   10203   50042
   42860   32230
   50696   46255
   37533   45788
    7306   50995
   58190   26242
   58721   31746
   57411   57810
   41305   28067
    3793   22958
   22102   42383
   38945   27611
    7365   50119
   57622   49400
   26103   25297
   37843   47251
   41807   34031
   34357   59322
   60226   25204
   37371   50259
   40251   30719
   14738   42718
   11377   61415
   34177   36131
   60182   57521
    7111   44657
   45960   59176
   10363   32174
   16886   25079
   37488   43554
   52318   24224
   49633   24689
   19681   57745
    9277   60551
   42939   54538
   43951   32170
   50948   23508
   24862   29010
   10172   30032
   40116   28881
   33688   51396
    6448   25421
   40465   28958
   10896   49165
   35393   59625
   34185   51296
   57090   35856
   24547   28559
   37330   47493
    8351   49532
   44758   28732
   35158   36723
   49354   22107
   19963   60202
   45233   43756
   42950   34902
   32405   46570
   57415   44881
   13989   42197
   58507   59221
   40993   35533
   57936   38129
   10804   59547
   26472   60530
   60763   45925
    9374   48912
   46317   28535
   18783   62031
   37319   55871
   10728   62127
   23395   45244
   47300   34717
   56902   58672
   25718   54991
   36931   33530
   51437   48623
   15159   39396
   43450   54663
    9507   52117
   57531   34633
   51427   48795
   17880   59110
   11235   38829
   18830   61493
   55281   41180
   10457   49183
   47184   27498
   35529   42411
   55961   36119
   33711   49295
   41762   45856
   16196   56850
    9704   50842
   49663   50428
   10829   35138
    4111   24633
   38046   43222
   35080   47863
   27478   57943
   18249   24324
   35757   57154
   16577   53157
   43297   36500
   15401   40216
   15972   53146
   23317   46060
   24735   27265
   15306   36124
   27722   55535
   54915   34318
   26889   28722
   25397   28293
    3596   21992
   45022   54903
   55554   34429
   11715   41855
   43537   44164
   59182   27675
   14485   27466
   46886   25929
    3577   23685
   13915   43278
    3089   21290
   16293   36422
   18910   61556
   37296   49056
   19719   60027
   18837   60633
    4525   54739
   35355   35916
   14932   43758
   35008   57917
   40374   31882
   50801   48595
   56861   35184
    5909   53917
   37606   55666
   58147   53037
   27871   27737
   60289   45788
   29611   60580
   10215   49540
   39806   44052
    9614   35128
   49230   49949
    9615   38722
   24467   28864
    3087   54671
   61484   26946
   41967   46740
   10734   50592
    8024   36144
    6958   42584
   34921   35483
   42756   54099
   56330   57895
    9275   39909
   17570   54450
   19555   60570
   10968   50319
   57181   60791
    9770   40715
   43097   55525
   57964   48880
   57641   60726
   41121   27141
   43146   37431
   50682   22118
   36730   46380
   34483   57326
   21892   44677
   15184   34812
   37530   50158
    5425   24065
   37794   29108
    5712   52647
   42920   34208
    8151   37838
    7762   43414
   30571   61249
   18195   36385
   35458   49189
   31052   44147
   35128   56951
    3571   53101
    5922   25819
   16082   51794
   46298   23936
   29790   59882
   12191   57368
   51922   21107
   60564   52271
   56176   36609
   10357   34891
   59207   45335
   25691   28379
   44777   44263
   13962   41988
   22528   30210
   10162   56940
   44533   25389
   12492   41072
   57043   58533
   42911   31116
   46138   25885
   58178   57912
   11315   30312
   36227   42607
   34951   57945
    6412   37952
   11982   59504
   18277   62796
    4788   40317
   60784   47752
   21045   63698
   47199   59060
   54461   41699
    9969   38510
   59823   44185
   37013   61138
   27040   28031
    9051   28004
    7636   50773
   18158   24906
   46879   36101
   38870   26778
   42030   55457
   50888   23063
   24785   29494
   19648   54157
   11583   60356
   10866   59140
   57203   47382
   46188   61604
   37621   44330
   14238   44307
   38885   57734
   36491   57842
   38628   42083
   30371   41309
   16690   36665
   42962   36565
   23172   56902
   50826   48127
   17369   56734
   53560   43487
   60299   57769
   24919   31669
   52321   24465
    9311   30445
   26686   28492
   59677   25725
   10457   30519
    9195   38071
    8515   41905
   17751   61428
   50014   49077
   50896   58701
   20459   45221
   40181   28070
    5336   54167
   47570   57320
   14611   43550
   16074   37683
   58417   52216
   36147   45864
   54594   43850
   17531   25805
   21312   59368
   48266   58415
   18730   60090
   59666   52447
    5561   54946
   43835   45332
   15589   56047
   57852   53639
   19151   23781
   54902   35784
   45274   27825
    8558   49409
   20007   27200
    6656   55193
   10952   38583
   50618   50504
   37423   43821
   32004   62660
   19528   39964
   38087   50225
   43954   34953
   38017   49279
   18228   55601
   18566   25703
   23972   42333
   56370   40191
   24476   56502
   17010   38367
   48382   60296
   50002   49200
   45345   59997
   17561   24800
   43839   27231
   53015   43465
   25655   56158
   58994   25222
   23525   44402
   59205   61100
   61975   52117
    7430   40079
   57976   45578
   46650   60203
   10714   49809
    3338   55373
   11220   31547
   35761   58216
   29438   45456
   13455   39284
   32705   60775
    8944   37919
   42303   56594
   55487   40680
   52464   47550
    4899   54374
   37673   49210
   59556   56505
   34968   49788
   18716   25385
   58859   51826
   47381   23970
   45251   26495
   40521   28895
   33116   38702
   16517   54872
   30296   61349
   16100   53394
   13815   48988
   49419   45147
   26384   59489
   29841   45013
   15752   52224
   10693   40141
   42729   46022
   56262   31753
   28399   57539
   36207   44053
   24182   42995
   35249   56647
   35602   35147
   25220   25827
   58405   58920
   36624   43557
   19685   60178
   46186   35016
   21129   61824
   14094   37526
   23302   45363
   60424   43917
   46818   59467
   25417   57487
   30980   45062
   47546   28075
    4740   54190
   44955   44084
   49778   23124
   60972   44250
   43547   46694
   12640   49781
   20509   59928
    9827   37829
   25810   25928
   43066   35693
   16495   36750
   52589   24945
   25020   26735
   45021   25939
   17214   54634
   52624   50362
   56863   33600
   41434   56533
    4101   23164
   12866   49685
   47975   61610
    4671   53807
    6977   44904
   35241   51921
   61235   45053
   45419   26967
   18955   26069
   56808   26583
   31469   44399
    6754   42157
   36422   58722
    3097   21394
   14561   54365
    6143   40854
   21937   44614
   26555   55832
   17126   25276
   42847   28275
    9412   59366
    8265   28431
   62157   29329
   40454   29154
   10074   29253
   59362   45997
   17977   24325
   53630   24399
   43357   34149
   45646   25610
   41423   32243
   17943   24764
   50424   25293
   26016   56218
   10710   50492
    8483   28006
   34747   60283
    7915   59830
    3610   43589
    4914   44536
    9310   50120
   61145   45932
   35227   48318
   44837   25617
   27364   31768
   36798   43188
   46122   24404
   44403   45462
   57061   49822
   19851   26231
    5927   52888
   15141   37401
    8701   37878
   51737   40814
   55113   34231
   13033   46582
   39130   44427
   42411   27392
    5325   54592
   20066   61008
   45264   28294
   52239   50403
    4515   54198
   60231   47183
   36964   44248
   15343   37844
   59148   47748
   30491   41203
   15101   43498
    5217   41805
   57962   46260
   20274   60701
   32124   60045
    8430   50059
   30558   42982
   62728   24002
    2371   24287
   13340   43920
   44120   55931
   43695   33770
    5416   40089
   42109   30277
    4091   22789
   59877   29271
   33997   35399
   22358   44973
   25966   28288
   53053   49269
   52496   22133
   26432   28944
   10543   34688
   30840   60498
   60888   28676
    4568   43681
   30169   46439
   49664   22114
   52579   24417
   17526   54728
   26838   28835
   36796   52430
    9858   59272
   38742   45054
   61032   44031
   22628   46075
   13473   39006
   11504   49504
   47670   60737
   36861   48856
   37949   59005
    7121   39344
   31658   45403
    5356   26103
   18039   59768
   12291   48192
   50041   22282
    4592   25831
   49919   24890
   10861   32228
   38215   56305
    4544   42128
   37004   59517
   58448   28721
   29683   60458
   14791   38647
   37321   36461
   24231   55657
   36411   60222
   26395   28804
   39154   45425
   60288   26488
   44979   37599
    4364   54081
   44601   26019
   42805   56345
   37611   43696
   39198   44876
    4222   53879
   17148   54571
   46112   59260
    4516   26078
   29989   44983
   37933   44275
   34987   58420
   35499   44956
   18124   58780
   37989   44472
   35638   32848
   15122   37831
   28369   62327
   44195   24662
   44263   33651
   51586   46956
   42249   35113
   59029   43137
   42907   53491
   44089   34530
    9577   28211
   42542   27930
   26408   29438
   46176   44368
   30153   43073
   16305   23842
   47602   58751
   51784   42659
   55387   34283
   23000   44680
   25593   53412
    8711   37483
   47740   60151
   15347   37166
   55969   36361
   19537   61008
   56113   58391
    4762   43144
   43393   34827
   17185   53896
   48525   47944
   15356   37012
   11304   50748
   10895   49868
    9934   39710
   41356   30508
   38162   42849
   49313   41972
   60987   46482
   10466   28984
    8960   29349
   53006   51319
   59212   58881
   58052   52197
   52288   42408
   55317   41567
   46175   58661
    7206   43692
   37862   44856
    5601   24537
    9916   60240
   61299   47746
   30226   45636
   16231   41723
   59021   29605
   34184   37127
   55692   42420
    9844   38755
   25340   53689
   52632   25080
    5196   40134
   10245   60721
   14648   37330
   52019   23952
   43954   55865
   36394   58547
    8965   37856
   47058   58373
   43056   45372
   17636   23726
    5461   55324
   11500   30524
   60945   52204
   38187   42502
   31263   44804
   50084   60284
   43739   54783
   46460   25450
   59294   27869
    4777   41008
    3471   54498
   17602   26541
   20612   58724
   20796   45252
   17030   26307
   10367   26772
   22326   60658
   30811   58156
   51819   34952
   56661   40693
   29067   60173
   58911   56004
    8706   29930
    9481   59972
   23645   27378
   59684   25949
   45411   33445
   11738   49383
   10591   29903
   16981   25791
   11661   52373
   42284   30965
   16053   26575
   37545   58893
   45070   46149
   28598   42577
    8975   26886
   29247   59944
   35422   43143
   33487   38175
   24134   44700
   54651   60660
   61417   43176
   41845   30117
   37861   51564
   36494   44775
   26138   26992
    3552   57334
   45748   45373
   53397   48783
   15326   24570
   55308   34833
   51331   24943
    6102   42970
   35221   36740
   30262   60642
   60801   50837
   35512   36208
    5851   23938
   58646   27186
   10449   62189
   18240   26864
    6020   22796
   10941   57507
    5242   43347
    9995   28615
   43346   44722
   52002   23259
   36244   56138
   44489   24514
    9431   38817
   53358   40498
   43519   46607
   57466   37210
   26451   28536
   18255   53443
   47211   60068
   45376   27100
   46463   59710
   32238   58780
   43893   45804
    4630   22233
   34416   49861
   45073   55291
    4322   52748
   36875   49080
   16161   25461
   45483   36519
    5944   41737
   10651   40512
   36506   37796
    4544   24654
   50677   23682
   45038   26345
   57652   51718
   37356   56126
   21390   45195
   55815   35267
   25550   58911
   54797   34991
   58462   27771
   30177   45673
   15979   26274
   19510   54266
   58937   59801
   60644   45680
    8427   58780
   36339   51173
   23451   44560
   56907   60861
   50684   24842
   30359   60314
   15322   38153
   53825   42358
   44639   26689
   61653   43778
   57662   59776
    4221   24386
   44162   54951
   27917   28836
   17116   51058
    9774   29756
   50062   49584
   28298   57069
   56100   40476
   15530   39657
   28679   44857
   17877   35739
   27258   28125
   45934   27164
   58350   59869
    6510   25712
   52648   43224
   27552   55144
   46046   58977
    9656   58216
    8894   38929
   50026   21400
    8217   29682
    3646   23490
   19527   58633
   62269   47075
   43972   56345
   58694   46824
   19594   59972
   37634   49608
    3993   54771
   27314   59327
   43485   34050
   33736   36497
   50870   25344
   35964   51413
   16868   53705
   16929   52931
   44097   25190
   32927   49254
   36059   49522
   42729   32551
   28449   55196
   40277   29414
    9585   28557
   59977   60098
    6387   41682
   43818   54730
   31470   59923
   43518   55141
   62701   44788
   11279   63706
    5435   52033
   60820   27777
   57196   52798
   61632   24699
   55823   36440
   32587   59699
   39826   29203
    6623   59654
   56458   62279
   46076   56226
   43211   28466
   43965   33758
   19215   36537
   34997   58446
   25819   57753
   21290   25636
   42144   56095
   45155   46300
   36940   44599
   29533   56041
    1533   41682
   14655   43612
   58641   32430
   25717   58732
    3899   53619
   56965   55756
   17830   37298
   42675   36033
   23656   46993
   37647   35555
   35668   37707
   51885   49564
   39165   29928
   58691   24064
   24424   56102
   38121   42817
   27876   58342
   47613   60401
    9709   39892
    2236   53293
    4643   22467
   58678   28250
   58218   44486
   46158   27671
   60738   28559
   28152   57574
   43850   52909
   45202   45985
    9566   30666
   31734   46293
   45782   57022
   20812   62779
   36613   57187
   34273   57126
   61901   27525
   21889   45210
    9222   51346
   53894   43780
    9163   38171
    8808   39574
   15922   53981
   11749   48185
   35860   51362
   23965   43943
   16915   24747
   44087   25269
   24041   46280
   56656   59358
   59145   57682
   43953   45891
   29106   43182
   53197   23094
   19969   62625
   52790   40829
   47212   61159
   16090   53751
   41685   46400
   52678   23746
   33558   57552
   14543   43762
   35034   37601
   44149   46507
   46035   59237
   10558   50509
   38376   43893
   38141   42987
   57516   45058
    8147   57929
   17367   26152
   46698   59409
   26695   59233
   25373   45642
   35358   36948
   11099   27767
   53527   43264
   58671   45183
   14839   42349
   43438   27415
   43546   46236
   24534   28398
   20166   55842
   37639   51837
   11172   37441
   58016   59802
   16844   54821
   54172   41958
   45467   46484
   28875   55935
   44538   52532
   30539   60470
   21628   60449
   24637   44635
   59822   47324
   10055   48235
   19306   60051
   32095   59743
   10677   55312
   12288   42992
   10932   49591
   25790   27154
   54640   37322
   34530   49906
   45952   59268
   10836   28222
   35783   37166
   35899   36838
   16676   38732
   36077   51330
   25294   27480
   60648   59950
   14401   44849
   43310   47950
    6313   41902
   59797   51090
    8537   48947
    9696   32346
   39923   29245
    4831   54582
   61300   45277
   58320   58589
   50763   49169
   50726   25740
   25315   29353
   29306   45710
   16637   55718
   28547   57790
    8430   51751
    4207   55247
   34622   57152
   46837   27514
    9547   51751
   56079   35838
   17294   24801
   16391   59781
   38839   45059
   18164   25800
    9501   41285
   53109   36784
    3982   23484
   17647   24929
   53164   42365
   53576   42596
   10581   50713
   43734   56703
   59235   59746
   42350   45677
   34820   37180
    3957   54917
   15481   36730
    9027   31248
   45926   25656
   29217   46188
   36476   38652
   17065   36790
    4880   52026
   60654   28987
   10944   27649
   58063   28774
   38110   28558
   32581   58888
   56679   42675
   21532   47321
   32966   61052
   50101   25026
   16536   53987
   52224   49464
   47195   59087
   29384   62711
   25343   54674
   16174   53398
   41430   54372
   36897   38179
   35993   58661
   27525   54513
   11682   49377
   46155   36845
   59391   27516
   35043   57610
   51113   21793
   57242   49888
   36436   42042
   44834   56210
   44315   54133
   58328   59426
   40892   27037
   10415   61631
   59697   27485
    8290   29024
   15605   38513
   34791   58145
   30924   57500
   59922   51370
   11608   49849
    5009   20973
   23891   26055
   54220   42081
   38895   46953
   58805   58937
    9319   38400
   57806   56025
   58260   28670
   23380   43227
   39915   28140
   46933   59269
   51552   42936
   57737   28296
   48350   47100
   10935   49427
   18415   57704
    2975   54777
   11504   49613
    4828   41150
   43191   54856
   46657   26719
   59684   46141
   38532   46215
   28376   40273
   56378   51069
    5649   26576
   10065   27809
    2642   55241
   37553   58116
    6467   42420
   31207   45861
   40227   29415
   14529   44667
   59878   26706
   38784   58347
   14824   42393
   36192   49919
   43595   35490
   26856   58680
   60608   27844
   14056   36197
    8608   48734
   58281   54245
   53530   39504
   46369   46355
   48454   58189
   17343   27032
    3997   26069
   41421   45183
   58304   25665
   30752   42842
   38225   37518
   60065   27081
   55562   40697
   45912   35230
   23581   45323
   22650   44599
   32539   50210
   15945   37984
   50462   47490
   55914   37384
   26385   53305
   42051   26764
   49601   47857
   39043   30611
   14022   38099
   24340   44827
   11441   37960
   59003   61704
   43290   55799
   10012   37549
   27205   55025
   24368   44559
   37408   42437
   33790   38439
   56695   34640
   43294   37614
   28256   46556
   24237   44158
   31067   60362
   40567   45043
   27470   46279
   60035   45759
   47407   59374
   58420   44781
   50477   23695
   15724   54447
   21148   58036
   44731   45782
   16195   54362
   42406   35998
   60414   45052
   62447   45235
   44091   54288
   15543   37602
   40158   31551
    4354   25646
   11648   50442
   18746   24782
   47044   58699
    5982   54491
   16512   50780
    5551   54081
   18875   60987
    8378   60945
   51379   48160
    4861   24236
   42827   35362
   52510   20390
   49126   46607
   43897   34562
   60593   45861
   28036   58962
   61543   46490
    8247   60295
   50780   24580
   52617   49342
    3471   45480
   28794   56826
   12465   58616
   17053   38196
   31226   44887
   20134   61633
   34136   58308
   43784   52818
       0   22078
   45964   25489
   43300   24964
   39365   57730
   58792   52100
   55367   43043
   35325   37788
   36116   35530
    8267   28916
   54436   39727
   11545   59063
   47208   28797
   57580   59406
   18713   37357
    2873   23152
    3022   40247
   28861   57184
   37697   57060
   12795   59389
   16594   53441
   58453   57611
   57548   53060
   55451   34185
   34686   49648
    6181   43016
   36633   45907
   28892   44763
   45595   26388
   25866   55125
    7229   41713
    5925   25794
   46677   57968
   24322   44460
   45463   34483
   52681   47241
   35960   57198
   45532   24034
   25995   27802
   22093   61464
   26218   27464
   58462   28535
   58069   35003
   49301   23457
   38171   43484
   36711   36937
    4412   53232
   52559   52735
   61509   23903
    9675   38100
   61376   28001
   50042   49853
   43066   34949
   53644   44911
   41926   26892
   42442   46509
   40627   35049
   35259   57182
    7553   24971
   15826   42516
    5083   53207
   59949   26516
   34843   49771
   45049   33934
    8857   60404
    4194   52747
    6763   54572
    6180   43890
   45700   58817
   52146   25273
   38313   42918
   36908   44224
   49809   50064
   60022   56705
   43275   36183
    9530   61240
    7590   27942
    4978   22896
   17680   26246
   14719   44066
    4342   52387
   59274   57515
   38495   57407
   17535   53169
   11021   50533
   54042   36812
   27161   58169
   37898   42264
    3241   23730
   34822   51148
   51853   42724
   17429   60166
   35862   37994
   51012   48233
    5307   54059
   50638   48026
    2354   23500
    9325   61499
    9076   38066
   24636   56094
   59088   53114
   19411   24955
   46784   26903
   57817   45498
   42512   54055
   13615   60184
   58197   44714
   19439   61775
   58029   28824
   50403   24050
   13118   44260
    8412   50016
   14743   24907
   37587   52358
   58901   60114
   57302   35955
   41319   43486
   37533   46903
   47486   59732
    9852   58306
   57996   57100
    3179   26296
    9576   36772
   50350   48070
   61285   44544
   32678   49616
    5696   42913
   50300   48715
   36328   41576
   54347   42795
   14821   42289
   43969   56174
   44906   44367
   17191   56131
   24053   47675
   48309   23276
   38156   42125
   29691   61444
   10599   28555
   19054   59966
   14784   39342
   58335   50170
   37730   52956
   23468   44180
   14247   42987
   59457   52582
   44441   44084
   45323   45375
   11039   38831
   31670   61143
   43118   54544
   37452   45645
   35714   35353
   43855   34053
   19366   62085
   48733   59581
    9345   38311
   29523   45164
    9458   36547
   36729   36670
   42139   29828
   53038   41204
    5141   51928
   20822   27150
   60073   25250
    5896   41093
   10219   49251
   55682   34915
   45576   57409
   42066   56748
   58485   43415
   34179   51422
   13674   42904
    6877   51095
   35942   48277
    4979   54941
   12231   62033
   45636   44805
    5953   22827
    7017   21009
   44512   34140
   45764   58065
    9906   39406
   61687   29995
   61553   26657
   12447   51465
   45014   57009
   14683   36805
   47323   59670
   19900   60714
   45170   46219
   42077   29406
   25172   27945
   53612   42060
   13292   45173
   58583   52766
   52104   23750
   51581   23287
   58046   53129
    3900   42414
    3992   43765
   60514   47708
   24270   28931
   40674   52839
   60235   50875
   16048   39141
   15914   53383
   52947   26083
   48490   25802
   38452   41706
   59998   46912
    9438   29445
   17646   24411
    1167   23762
   57952   35957
   53236   44502
    6784   42458
   39624   59103
   36144   28076
   58647   53533
   16133   27168
    8725   37764
    8923   29340
   15411   26176
   31737   43229
   34309   50421
   61396   27293
   20910   46307
   48536   49021
   47816   59654
    3553   24802
    4184   56655
   55265   39986
   52464   24331
   16075   54791
   19237   25170
   31451   44728
   53366   41560
   47844   57963
   24222   46031
    3039   25257
   50918   23104
   38334   44983
   41959   24429
   24209   47858
   11412   27075
    6873   51646
    5612   42097
   45682   57127
   56704   37607
   10175   37026
   35981   57014
    5741   44195
    3360   23060
    7403   51446
    4955   52009
   15763   38213
   33228   37025
    9427   60973
    3738   41931
   42794   54549
   38305   29495
   58755   58852
   46641   58497
   50218   21004
   45579   27801
   25177   42247
    8516   30120
   50048   46949
   58394   30435
   46156   35944
   58266   59937
   25848   56325
   43308   28128
   36407   35495
   41456   27472
    9789   28979
   53751   42326
   23398   43760
   50725   21930
   44554   36035
   13725   44902
   35552   35365
   50533   49789
   10473   60989
   10809   50800
   35972   56943
   61995   27990
   23954   25437
   49949   21916
   46845   61271
   51858   49406
   31018   59733
   58256   46216
   17174   38765
   35873   57697
   39485   28817
   59334   48886
   24619   43309
   41960   56404
   30778   45509
   35758   61383
   42504   56440
   60170   57766
   41562   55042
   14036   44957
   54572   42044
   46656   46590
   14941   37337
   36249   48621
   46191   26595
   61676   45255
   15069   44471
   49375   48754
   27371   26519
    9872   59262
   44628   44128
   38077   58627
   52019   42206
   49725   48980
   11720   43669
   50799   22242
   23150   45300
   10034   40439
   45665   53642
   60797   47826
   17090   51246
   23730   26572
   56688   33167
   35579   48814
   11613   29116
   42689   29772
   35014   60821
   50603   23602
   46238   58925
   15481   38312
   52226   49015
   10864   47595
   50872   26978
   56630   61148
   24538   43590
   25277   25951
   11278   40936
   48242   59279
   15865   42124
    3685   25028
   40824   31005
   31762   39479
   18661   59697
   43943   25527
   40203   29563
    9717   60903
   16539   36513
   14242   47449
   44590   24900
   54569   43519
   28411   56537
   24740   57086
   47980   60330
   39975   56097
   58990   27909
   46782   59290
   62215   29064
   30250   44975
    9928   38347
   57952   36070
   36797   57177
   59217   47651
    6531   43081
    6848   42000
   48583   21031
   47571   24093
   11934   38933
   42064   28354
   17736   25896
   16414   36076
   32604   42927
   21778   45368
   52570   42476
   20802   61143
   60861   44796
    3461   25676
   45049   54051
   54707   58958
   55765   34591
   29049   28114
   52581   48207
   40608   42385
   17989   52479
   34975   56890
   31076   58489
   17282   55598
   61314   45663
   44148   27820
   19627   61579
   59962   57459
    4279   40599
   53844   44271
   27670   56086
    2559   53516
   56193   57306
    9820   58508
   33108   58316
   57352   60812
   51946   46605
    4207   22595
   40980   46486
   46480   61329
   17675   52826
   25256   26518
   19037   59703
   54211   42145
    9676   41916
   14782   44208
   11540   42854
   59462   34644
   47501   26286
   30273   44274
   43648   35505
   61564   25344
   59615   26767
   39481   28076
    3940   41188
   15404   38869
    4197   53856
   15612   45247
    9403   37517
   16530   51754
   41590   54991
   59163   55436
   37032   49709
   13343   42577
   37909   44007
   59400   47672
   43163   31802
   51496   42107
   46259   47739
   34294   51247
   20776   27422
   27551   56259
   44663   57802
    9537   36878
   18529   36608
    7446   27665
   60418   51972
   36192   38539
   54046   46829
   43972   56207
   31228   60401
   39848   27121
   50800   21631
    9596   47780
   16056   37834
   24882   54495
   46030   27502
   36511   50864
   47375   60822
   60558   58668
   18263   55490
   36339   59245
    8838   30068
   12556   43853
   17390   56678
   58207   32668
   29332   46456
   44630   45910
   61035   29372
   53105   43114
   29649   45100
   18757   59265
   41644   29288
   46072   25658
   53340   41575
    6565   57240
   34557   49672
   51119   34201
   20294   24226
   12942   61313
   41962   33523
    8769   52311
   58759   46105
   59190   27293
   44871   46713
   20360   23621
    8512   37861
   10857   29911
   46928   61322
   59855   45241
   34666   35740
   26359   56268
   36578   48187
   16733   54802
   15693   39198
   14593   40118
   11357   37572
   14940   40546
   10579   29179
   16432   37688
   30812   58352
    2235   24350
   51506   23188
    7549   39530
   42462   30296
    7744   44473
   14302   43181
    4864   52852
   34150   49267
   13990   42565
   17914   24885
   50128   50181
   62080   27847
   60897   44915
   53769   43786
   59807   48360
   55690   36922
   35671   48294
   27287   31400
    9096   37851
    5051   24176
   46599   26363
    9145   39314
   56280   36718
   10975   59231
   59066   46619
   44657   45522
   43155   45637
   24732   44326
   18182   57369
   19526   59848
   62336   54289
   56179   60407
   46325   46465
   16897   38659
   55580   41750
   10643   50924
   28234   53574
   24967   28447
   37294   50423
   34766   58226
   41982   56502
   56167   58614
    4705   54499
   45235   25404
   27422   29136
   32938   61527
   38539   29450
   28880   45886
   43049   54257
   60571   46112
   15873   55374
   10377   30144
   30897   43545
   56192   35316
   60523   27329
   14490   52708
   26147   28155
   49391   22360
   59183   46253
   30354   61456
    3718   43827
   14074   37080
   56237   35712
   34990   35506
    8230   28746
   10549   36779
   24499   27664
   35532   57502
   50560   24122
   48278   59764
   29143   44064
   56919   61704
   58319   26289
   23089   45196
   31927   45410
   59200   52802
   17218   25332
   19361   60098
   57114   36454
   31796   47101
    5621   21827
   10868   29933
   32813   61223
   20108   52854
   56210   37841
   30194   43974
   51860   47899
   36260   35245
   36736   41209
    4547   45073
   45455   47051
   44121   45686
    6631   53784
   62181   49244
   20993   44150
   54155   33837
    9463   37739
   58685   61322
   44390   23933
   47024   26106
   38784   29229
   34263   44388
   45335   36912
   46611   59528
    8314   31119
   58478   61185
    9850   30329
   41604   45123
   60013   52410
   45838   33520
    4148   26157
   12271   50801
   25759   29479
    4716   54264
   61712   27968
   40802   28766
   42499   26129
   50616   24101
   16394   51979
   41955   35508
   27038   28556
   20482   60234
   36231   58437
   47157   25467
    5098   22244
   39422   28165
   27473   55944
   20381   22782
   53856   41857
   26193   25178
   58059   53563
   29558   46597
    4553   39229
    8481   59528
    9612   30786
   51810   23101
   37344   45244
   56932   34467
   36629   38099
   11949   59100
   15175   43650
   39559   27977
   59533   51023
   43772   54935
   23609   44895
   60988   26605
    9284   50452
   48060   26375
   31788   45290
    4664   23899
   18390   54942
   42283   35546
   39196   30593
   21627   58160
    4524   44211
   57407   59508
   44114   56514
   36650   49853
   17299   24104
   36755   56506
   36956   41087
   43371   55785
   17164   38939
   30843   59648
   57717   48281
   11975   44335
   57471   60708
   14948   39853
   44831   33120
   17567   50758
   23472   42592
   17582   24517
   58551   34542
   36199   36941
   14968   38271
   44711   34257
   58007   51251
    9340   38358
   42266   34561
   18817   58878
   53902   49665
   39269   28560
   44955   53409
   31803   46564
   36370   38758
   46134   35217
   17319   37461
   44007   56241
   54027   39799
   32941   47506
   19957   21532
   15108   42189
   49808   58728
    4948   56325
   58264   58004
   47254   25794
    9943   49251
   44924   58440
   63214   28408
   27120   56152
   12921   43343
   18387   37949
   21295   43673
   58906   50218
   56089   59453
   56204   60259
   23988   24918
   43154   46704
   52702   37078
   59431   46355
   43028   46704
   34312   48755
   40042   26506
   10072   28021
   47879   58868
   65535   27368
   41897   31339
   38856   30385
   18575   61722
    9970   40178
   11627   37781
   58713   28127
   18698   58855
   55951   35172
   14920   42663
   35982   34177
   17334   54335
   42120   28063
   56593   51088
   30718   44320
    4668   22734
   54195   36520
   41712   37204
   14991   42009
   42807   34870
   24866   26593
   16817   51881
   16838   55160
   35738   47404
   29237   44457
   38541   45422
   56580   50897
   54441   36098
   13038   43418
   46626   24323
   41809   46177
   36821   50119
   36427   47279
    9242   60721
   25029   28125
    2347   25347
   44147   47245
   17360   25859
    3642   40640
   22208   47545
   32054   44723
    8580   56978
   42723   24884
   60778   26913
   59305   44215
    4325   41754
   10892   28209
   29895   58833
    6460   30262
   25349   24873
   61708   45883
   47557   60277
   46064   26564
   50881   47814
   10092   38952
    9069   49741
   41505   57046
   29241   45255
   12838   44094
   30013   59736
   41207   54110
   13376   44224
   38898   57418
   39257   30660
   14766   44432
   44314   46552
    7826   43358
   17770   54173
   18407   26152
    5984   54785
   42500   37188
    9219   49078
   10810   60398
   19050   60020
   23114   43770
    8989   31605
   14490   59659
   44730   44597
   36524   55728
   35397   38645
   18069   21652
   31245   58928
   34007   59541
   17430   24985
   61106   45858
   59569   28899
    4405   42650
   43737   32817
   42546   55250
   41558   54649
   43796   32311
    8542   37701
   11001   48738
   12669   43767
   36112   57732
   45375   56319
   24659   58265
   35993   36755
   19135   37713
   45483   49576
   55109   41603
    5335   52707
   26625   55961
    3632   53074
   56083   34642
   30790   59476
   61121   48956
   10895   28171
    1727   23577
   25890   42857
    4778   23740
   24703   55336
   23142   45358
   37149   42966
    7002   41881
   35608   59727
   33747   47399
   31846   45640
   48738   59314
    9326   60606
   12655   27718
   33398   51137
    4207   22555
   34808   33214
   22711   44137
   29639   43920
   32935   60307
   20201   60795
   16709   25322
   10599   60752
    4370   53405
   30676   44504
    2689   54448
   36383   56022
    8509   49110
   59480   28335
   19904   61451
   56465   35823
   49520   49471
   59622   29371
   45665   52311
   24655   43256
   18855   38176
   39680   29318
   14731   51470
   32799   57530
   11444   57864
   37112   58015
   36854   51151
   42970   46238
   59974   44364
   58275   34756
   18398   25148
   52175   23201
   50403   22078
   35289   56894
   24965   27267
   56985   35542
    4151   22785
   48147   58486
   26319   25532
   26312   31227
   37456   56022
    3808   24582
   12886   61092
   45144   44224
   53082   48779
   56349   57876
   48368   57886
   49854   23391
    2313   53188
   50193   49198
   11972   49353
    8744   49618
    7254   30094
    8361   38769
   11303   50343
   59630   59564
   36887   58929
   28220   62367
   10024   38894
   15643   37071
   44552   34771
   59331   42999
   13322   49302
   38276   44131
   33950   37142
   53334   41711
    3681   23850
   14950   43226
   17710   24681
   60172   57152
   47324   58063
   51939   49800
   33720   49736
   45236   46488
   59818   50359
    3687   21377
   20702   61057
   50999   23899
   17312   27007
   16134   24570
   29481   45044
   45284   59691
    5039   52327
   59427   28300
    5257   25146
   50506   23820
   51496   46588
   48378   60485
   23940   27505
   29079   61553
   56402   60540
   34763   47185
   44128   43566
   16310   42838
   10139   60124
   59277   44809
   34201   45579
    6187   54536
   47468   58916
   37489   35913
   57150   58278
    6052   42522
   24429   44491
   35269   35770
   10779   50685
   10531   50395
   11476   47853
   34633   34884
   14853   43182
   51844   42736
   25031   56372
   18772   60025
   50569   22827
   15641   23648
   51096   48445
   26965   56632
   51788   41827
   26181   57969
   44873   27435
   25846   54507
   33031   49839
   45660   25309
   55194   44097
   56852   60804
   46165   58694
   40240   30489
   36246   51152
   12093   50390
   10128   29483
   31942   60281
   34118   47242
   47703   58903
   50422   49794
    3559   52709
   50067   49584
   42669   54424
   30918   59961
   46116   57531
    9620   62215
   14350   42175
    8460   59979
    2855   54469
   57234   52296
   60284   23186
   10500   51664
   37277   43318
   57811   61984
   27288   56112
   36392   42287
   10360   51110
   24559   45955
   35990   44312
   58534   26184
   28126   45449
   33253   51495
   62275   46474
   36318   58811
   14920   50298
   17410   25227
   41328   54662
   34297   47566
    2580   55663
   43396   55572
   20242   44737
   55113   40262
   58261   39244
   14592   40547
   59146   28118
   42809   47544
   34829   50197
   11080   57594
    5555   41428
   35751   36873
    3974   24513
    3230   23352
   16066   26861
   62531   25554
   16889   25891
   15102   25414
   55126   35679
   60205   46653
   55106   35479
   59876   27838
    8633   50850
    6216   41069
   17354   43900
    6597   53337
   60236   58666
   16346   54075
   57624   29524
   10603   59956
   28028   57612
   25387   28090
    4799   41632
   35670   37962
   35227   50595
   16766   25036
   42255   25401
   41348   52206
   10941   39478
   11402   49037
   33514   34146
   54092   34141
   42998   32813
   50184   49458
   55040   35677
   10346   29067
   44566   25920
   19522   63016
   45251   36120
   62692   29282
   52500   51313
   30568   47317
   11233   50321
   43518   34479
   36584   56278
   55244   36679
   42790   36459
    2667   23560
   10640   51413
   31080   43735
   20128   61744
   54385   42851
   28111   28535
   34882   52761
   27173   54448
   57235   58560
   56115   34542
   43674   44582
   39743   44229
   54804   34530
   44252   55655
   34333   37089
    4495   23648
   43657   27465
   43617   33370
    5665   41070
   58711   59506
   35082   36107
   45419   45927
   14891   39609
    8780   58483
   62141   43026
   12399   59721
   28783   57383
    6605   38175
   58268   45701
   23232   45993
   43997   43614
   35962   58314
   23606   27982
   19073   60999
    8945   28558
   22697   28753
   59325   48978
   10226   31264
   41869   44010
    8957   59639
   22267   42799
   30762   45322
   51470   22451
    8625   28312
   20576   52371
   60617   52220
   25485   47105
   24789   30062
   51021   48653
   34943   35113
   35129   38752
   57107   35175
    3531   23895
    8681   62818
   10681   48326
   56290   36371
    4268   42135
   42298   54687
   20848   44658
   56837   58776
   28195   61205
   49675   24156
   47480   26372
   43931   53583
   48267   59212
    8954   39949
    3349   52989
   30308   43899
   25017   26287
   57676   32271
   12778   62049
   44653   46583
    9888   60609
   30131   60185
   19172   25370
    9706   59947
   22810   58901
   58807   58596
   50435   48231
   36021   57104
    8358   37335
   43126   46942
   14983   53966
   29105   56069
   60981   52675
   59474   51569
   48613   56424
   22111   46728
   25661   57052
   43155   34988
   62672   43501
   59017   51283
   61306   29016
   11907   59062
   60709   43461
   18552   59781
   60657   50999
   27605   55558
   36689   41595
   41922   36116
   49344   47683
   36360   37624
   16008   38009
   37216   42103
   14290   40911
   34908   60044
   42173   29521
    8730   58342
   49919   23070
   45703   26361
   24089   45670
    3175   27253
    4552   22408
    2920   22687
    7308   31268
    9750   52405
   13782   39434
   46080   45581
    8353   59821
   13513   38312
   60445   52542
    9515   35854
   36379   60152
   29994   62114
    5972   41651
    3397   27161
   37144   28753
   36065   35605
    9685   31428
   13058   43476
   45621   43643
   18649   25043
   10812   61715
   16333   37721
   56397   33198
   57474   61592
   14189   42315
   50960   23018
   45990   47668
   12671   61339
   13004   45304
   62641   51926
   50470   51527
   27819   25056
   60159   29394
   27160   30533
   14938   35990
   38026   49433
   34681   58065
   28193   29350
   42135   30443
   10670   49473
   21313   45338
   19041   61593
   11758   49219
   42887   35693
   60182   27285
   12511   44211
   45792   44032
   25373   29582
   16236   41968
   21104   59172
   45459   28434
   44328   43843
    9467   34849
   55952   34236
   44896   37290
   46861   63137
    5126   43420
   20282   58698
   16944   58772
   31926   61137
   35756   56883
    4248   43141
   43821   54110
   62442   52636
   53628   45140
   43759   44307
   34340   61421
    6960   49868
   44436   47374
   47399   27333
   18703   62842
   43157   42754
   23171   43916
   31402   46870
   61326   29668
    6682   42648
    4745   41097
    3367   42732
   26674   53557
   44615   57635
   33419   32877
   51413   46135
   51985   34337
   39714   43112
   33182   58518
   17487   25975
   13959   53191
   31645   47208
   61562   49999
   53417   43154
   41745   55036
   62330   52499
   42226   51863
   16854   38380
    6156   43763
   43073   45662
   17516   39586
   44202   45854
   16642   61808
   11096   57117
   36088   59612
   44123   54027
   26211   56561
   32249   59188
   48643   23965
   38685   30586
   42486   35654
   11770   30653
   38828   29275
   15558   37593
   62939   44089
   37281   43566
   29949   60400
   60989   28086
   34709   49183
   45458   54605
   24741   56290
   56472   60292
    4373   53471
   47160   23698
   53081   49230
   18154   55292
   35152   57713
    2835   43101
   41585   31090
    4664   43028
   32331   43438
   48978   24664
   43095   55997
   59374   44507
   46352   59510
    7124   36867
   31397   60532
    7231   42724
   51796   24982
   61486   29504
   34746   37190
   46949   57454
   34697   59793
   32602   62162
   29819   47338
   15630   38976
   58624   59242
   55965   58019
   39127   44669
   60397   28213
    3799   23636
   32856   59784
   51898   24229
   19789   25147
   57858   56213
   58353   62374
   35770   52042
   31229   60305
   25948   55864
   46041   30303
    9051   27155
   12879   45693
   36477   43178
    2450   41946
   54658   41295
   33271   57782
   30242   43888
   48772   22411
   54356   42479
   41278   31388
   51787   23671
   37510   58769
   41951   55065
   37781   43675
   45737   26293
   52195   49730
   43759   46136
   17296   54776
   60556   26861
   27682   54025
   25124   57119
   51388   24532
    3988   56542
   34452   49372
   23086   44507
   22857   44913
   30736   46717
   25222   55964
   13190   59501
   48271   58900
   37747   58700
   51165   25550
   15071   35562
   34158   36693
   28084   44238
   35812   44237
   50929   52530
   36047   36617
   24755   27907
   50687   48010
    6124   42753
   36380   52882
   38897   27159
   27038   28832
   30089   44084
   38020   42414
    9366   29374
   29694   59689
    4316   54712
   34947   37142
   35483   51071
   45407   34472
    4920   23782
   32753   58596
   44852   53225
   35706   35668
    4079   52468
   16669   24102
   43759   47038
   37225   51572
    2895   53486
   42678   35504
   59620   52129
   11277   43750
   43050   53709
   56892   36749
   10488   28096
   43438   54681
   23443   44200
   53716   44044
   31896   46740
   50358   47959
   22974   56798
   61370   27526
   18954   57047
   23530   46214
   43216   34939
    8626   51634
   60479   45423
   18805   60199
   49807   48319
   50046   21588
   28471   44259
    9154   38168
    5604   44310
   19556   52167
   15970   35907
   37457   45359
   60288   59039
   48067   58637
   58714   33665
   22697   58797
   41412   31944
   13702   43245
   49242   21489
   27350   59069
   38390   31676
   35945   49817
   60373   53833
   16028   55929
   12914   44367
   57681   51657
   14732   41301
   24262   42826
   53785   43039
    3119   39544
   53568   38856
   22009   45047
   10084   61366
   40430   29016
   19595   58362
    5443   44511
   13671   59637
   18527   23685
   56977   59124
   39769   44240
   18920   61294
   34899   58230
   14973   45213
   33915   36655
   29480   44494
   47367   60872
   49740   22969
   35103   50857
    5698   52940
   20713   58152
    8628   26811
    7287   43328
   62097   44621
   36536   50600
   28905   58423
   36061   44909
   39151   28432
   31465   60313
   45068   24079
   50578   23572
   18453   61868
   44882   28477
   60248   51796
   47513   26828
   11298   38998
   59252   49744
   16473   50288
   25439   55060
   47080   59681
   33194   36579
   50670   46231
   34200   56925
   17212   54748
    5686   22890
   30099   59667
   42599   31306
   20526   60843
   23516   55985
   10700   60580
    9219   37350
   11008   43793
   37318   35818
   28960   43900
   30500   45100
   47806   59657
    9882   60566
   60403   53557
   47600   59005
    9213   35959
   36499   57389
   43296   53627
    9348   50510
   50587   48838
   23958   43121
   26314   27919
   24092   29194
    9101   28654
   12807   43995
   27973   59365
    7462   27246
   55962   36357
   11505   42400
   10430   37727
   58351   58972
   27969   30464
   16734   39448
    9807   30515
   20315   58888
   23262   45277
   59461   51341
   52812   47526
   50893   51127
   10436   38756
   25129   54989
   50918   23858
   47138   36746
   59770   52990
   44204   24065
   35582   36628
   44306   54281
    2359   43442
   10511   49865
   18039   52392
   19294   59703
   44293   27840
   14388   53648
   16118   53752
    4045   55500
    9139   52976
   59985   54614
   50095   50565
   16654   24888
   10754   48878
   17775   24593
    9781   58820
   17705   24308
   48716   20467
   39108   56012
   46728   59448
   17489   24124
    4103   54138
   46816   59424
   33610   47960
   14532   45517
   15778   37432
   57587   52335
   15903   55703
   56085   59393
    8613   58180
    9281   28697
   59589   25812
   27793   30409
   49219   24702
   46167   25535
   25822   59362
   43245   53795
   55643   56983
   55689   35957
   15014   25174
   57364   38191
   12909   58933
   11058   29568
   59172   28367
   23335   44159
   16056   24384
    9035   35859
   26151   55931
   45270   52179
    8274   26149
   37262   49369
    6726   50619
   49852   50340
   50222   24449
    4232   23085
    5204   51722
   43637   46126
   29923   60355
   41173   45297
   61255   52264
   35150   37142
   56789   33822
    9598   38447
   11741   45272
   58318   47500
   19414   54082
   52197   25987
   17740   28367
   25646   54908
   13938   43472
   31805   47786
    8189   57252
    2584   24784
   10837   57202
   33218   47967
   38792   42731
   59411   48115
   36351   49891
   45463   44569
   53446   41789
   59748   52499
   57903   47229
   49049   47984
   26228   54976
   16955   22616
   45889   61544
    6577   62194
   42558   33844
   24786   29832
   23227   27473
   25996   27760
   32592   43841
   36225   48957
   37311   37517
   30642   44576
   11257   39453
   38742   30624
   43445   34877
   53281   43550
   21910   43685
   11036   59053
   18266   56898
   44253   26700
   10844   29711
   60470   45476
   51877   23966
   61744   53939
   20970   58660
   48720   48943
   52069   42197
    9337   51408
   18340   27647
   58911   46230
   51164   22294
    4332   43772
   52425   41797
   52694   23299
   23296   41980
   16923   36809
    3414   54902
   57117   35949
   35565   48339
   41650   44288
   59838   50740
   30742   63924
    9525   36439
   46104   33045
   37139   46473
   57886   27256
    5016   56337
   39845   43456
   49007   60804
    9184   38352
   31245   59699
   41132   28470
   49049   50053
   43392   54968
    4418   24219
   44946   34718
   14194   54889
   25810   55297
   35787   56466
   40887   27766
   16204   53729
   37688   42247
   48393   58921
   20728   24622
   30196   46361
   39726   28882
   45410   45844
   17680   54393
   45540   54967
   43734   25645
   49329   44378
   42007   55049
   57490   50448
   41532   55339
   18354   24744
   16747   38035
   38382   50918
   52314   40370
   21951   43577
   51823   40542
   24791   27600
   43931   55530
   31364   46251
    7543   53366
   52845   43435
   10282   52410
   14823   42317
   24968   57913
   11109   51972
   53611   42444
   25045   25929
   35939   49289
   50904   49470
   38155   36389
    8104   26404
   50507   50951
   38421   45050
    7821   38805
   41273   37270
   36377   38481
   40243   36274
   45362   30926
   50519   22631
   60992   44265
   57407   59011
   20308   60378
   17796   59483
   24986   45528
   35045   35212
   57871   57993
   43883   25355
   29722   45294
   39048   27751
    9522   38390
   31224   44430
    6202   56365
   50015   24776
   25885   27968
   17293   42226
   35398   34770
   13095   61223
   34503   57015
   11222   43005
   18288   60306
   32973   36846
   29877   45141
   39377   39534
   18564   36963
   46323   60485
   61077   45880
   24312   54819
   46025   33590
   36236   42655
   58608   47945
   31953   59220
   35784   57029
    4331   23561
   58924   46965
   45053   41413
   20887   43671
   34499   35534
   24756   28198
   28198   60605
   60167   27920
   45166   35658
   45032   27730
   27149   56242
   25847   26408
   13145   42257
   16086   38113
   60484   51739
   34116   36691
   29885   58983
   51907   20743
   51144   47263
   22653   42993
   17104   36620
   62151   28398
   16600   53018
    4764   24290
   51653   48685
   25742   29312
   16846   26128
   12056   49839
   40944   28504
   27987   58149
   15424   39497
   42768   34791
   25369   55414
   43743   32689
    4431   44640
    6509   52969
   28632   58133
   56912   35113
    3712   24214
   13672   43291
   11120   38765
   52883   41365
    6536   24638
   46418   27390
    8260   38043
    8770   51221
   11346   49957
   16200   53672
   23223   45774
   57486   51799
   56951   60091
   34552   51425
   34891   51236
   36848   44872
   40766   29317
   12302   44075
   61213   48245
    4048   54140
   25702   27426
   45499   26362
   47571   55890
    5467   53449
   46160   24789
   60165   49050
   54656   35199
   10623   61373
   50171   22054
    9350   38414
   45013   46448
   42073   47804
   24924   30282
   15739   38708
   39026   28218
   48578   22616
   36590   58007
   52522   42088
   12050   28590
   34219   37328
    9987   29425
   25497   44630
    9254   50786
   20206   44751
    3195   24800
   42497   55648
   58089   61808
   55264   42101
   20804   60148
   34964   36011
   12202   60952
    9182   62144
    6812   50588
   48098   57107
   46205   59883
    7987   40216
    4377   55602
   16996   38712
   43793   27690
   17332   24338
   50677   23304
   46708   59648
   59949   51416
   14688   44005
   59087   49401
   47482   26416
    8480   30088
   21348   60804
   42253   29076
   12285   61395
   39717   45768
   25535   27830
   57554   26401
   42536   34707
    2836   41512
   53545   43025
   30187   59977
   36792   36418
   31509   44947
   52391   44323
    7020   28995
    6681   54199
   33206   57563
   12329   48590
   34159   58997
   13766   43381
   16207   23075
   24089   56850
   58955   59061
    3589   21932
   11096   51227
   24946   55995
   35781   49561
    8290   40018
    6146   53878
   29922   47165
    5526   23496
   19162   25294
   43066   23623
   37140   50855
    9143   49825
   17439   61792
   38034   58930
   16362   36537
   58158   49589
   24217   45276
    8393   29895
   36730   42052
   26426   27831
   35272   50981
   58287   35455
   42763   55722
   15910   55839
   17584   53227
   30250   43330
   18144   26739
   42037   35794
   48039   50185
   40321   29683
   23364   44594
   57838   58760
   22692   46645
   35589   56711
   39547   30974
   12814   27360
   41406   26904
   16208   36390
   35592   58810
    3841   55068
   34648   35191
   33096   58751
   44994   26248
   11283   29638
   46279   26010
   21559   27870
   35736   50946
    2777   56320
   16115   38102
   36094   47907
   16163   45074
   29227   43639
   13437   43921
   43811   33789
    7036   29421
   46081   26909
   10238   39541
   19502   22790
   54014   43208
   59809   27410
   44222   47283
   17566   57245
    3565   52922
    4028   25469
    6256   41629
   36639   38543
    6405   42160
   10459   50893
   33695   46149
   57496   45405
    9593   51293
    9783   49864
   45222   46187
    9095   50175
   42842   54189
    4505   42257
   16998   52999
   15772   42391
   42844   52521
   62246   51019
    3644   24519
   58232   46796
    7978   51465
   52292   25365
   21975   45075
   62761   29305
   27130   55011
   43280   54454
   16843   41532
   32563   49750
   27368   54677
   48042   60907
   18943   58109
   10988   32416
    9987   59588
   55600   58573
   55641   58329
   15211   52424
   46337   57566
   44305   47441
   54678   42358
    9649   28593
    3246   21924
   16727   55149
   52344   45540
   49457   24495
   10527   42775
   59593   51890
   52221   48520
   31721   59362
   61496   51630
   31176   45220
    4225   25618
    6733   42887
   27859   55067
   43925   45390
    6900   42068
   57388   51212
    3816   53652
   30775   47047
   25500   47603
   61777   47582
   46827   26857
   56382   43858
   52425   42226
   59253   49893
   15167   24077
    7256   53698
   35024   48489
    9569   37527
    7390   41422
   59552   50865
   56223   58061
   12989   48969
   34955   36224
   60038   53227
   40475   29556
   60373   28807
   60465   48014
   54684   41479
   54239   41432
   34554   57983
