     53170     53102
     62682     61911
     72194     69574
     81706     75609
     91218     79637
    100730     81405
    110242     80801
    119754     77864
    129266     72778
    138778     65863
    148290     57553
    157802     48370
    167314     38891
    176826     29712
    186338     21408
    195850     14503
    205362      9429
    214874      6505
    224386      5916
    233898      7697
    243410     11738
    252922     17783
    262434     25455
    271946     34270
    281458     43674
    290970     53078
    300482     61890
    309994     69557
    319506     75596
    329018     79630
    338530     81403
    348042     80806
    357554     77874
    367066     72794
    376578     65883
    386090     57575
    395602     48394
    405114     38915
    414626     29734
    424138     21428
    433650     14518
    443162      9439
    452674      6510
    462186      5914
    471698      7690
    481210     11725
    490722     17766
    500234     25434
    509746     34246
    519258     43650
    528770     53055
    538282     61869
    547794     69539
    557306     75583
    566818     79622
    576330     81402
    585842     80810
    595354     77885
    604866     72809
    614378     65902
    623890     57598
    633402     48418
    642914     38939
    652426     29757
    661938     21447
    671450     14534
    680962      9449
    690474      6514
    699986      5913
    709498      7682
    719010     11712
    728522     17748
    738034     25412
    747546     34223
    757058     43626
    766570     53031
    776082     61848
    785594     69521
    795106     75570
    804618     79615
    814130     81400
    823642     80815
    833154     77895
    842666     72824
    852178     65922
    861690     57620
    871202     48442
    880714     38963
    890226     29779
    899738     21467
    909250     14549
    918762      9460
    928274      6519
    937786      5911
    947298      7675
    956810     11699
    966322     17731
    975834     25391
    985346     34199
    994858     43602
