     80824     80824
     80824    173072
     80824    265319
     80824    357566
     80824    449813
     80824    542060
     80824    634308
     80824    726555
     80824    818802
     80824    911049
    173072     80824
    173072    173072
    173072    265319
    173072    357566
    173072    449813
    173072    542060
    173072    634308
    173072    726555
    173072    818802
    173072    911049
    265319     80824
    265319    173072
    265319    265319
    265319    357566
    265319    449813
    265319    542060
    265319    634308
    265319    726555
    265319    818802
    265319    911049
    357566     80824
    357566    173072
    357566    265319
    357566    357566
    357566    449813
    357566    542060
    357566    634308
    357566    726555
    357566    818802
    357566    911049
    449813     80824
    449813    173072
    449813    265319
    449813    357566
    449813    449813
    449813    542060
    449813    634308
    449813    726555
    449813    818802
    449813    911049
    542060     80824
    542060    173072
    542060    265319
    542060    357566
    542060    449813
    542060    542060
    542060    634308
    542060    726555
    542060    818802
    542060    911049
    634308     80824
    634308    173072
    634308    265319
    634308    357566
    634308    449813
    634308    542060
    634308    634308
    634308    726555
    634308    818802
    634308    911049
    726555     80824
    726555    173072
    726555    265319
    726555    357566
    726555    449813
    726555    542060
    726555    634308
    726555    726555
    726555    818802
    726555    911049
    818802     80824
    818802    173072
    818802    265319
    818802    357566
    818802    449813
    818802    542060
    818802    634308
    818802    726555
    818802    818802
    818802    911049
    911049     80824
    911049    173072
    911049    265319
    911049    357566
    911049    449813
    911049    542060
    911049    634308
    911049    726555
    911049    818802
    911049    911049
