155687 358550
182387 382482
178169 376419
148311 347404
178386 378187
183215 383571
178498 378130
182751 383939
205390 354499
148817 352733
179574 381254
185977 381157
207141 346933
208683 355077
147510 354280
211495 351403
144835 346233
148330 345775
181332 387144
145783 346212
182044 376952
208795 349879
176809 376528
150301 349806
207705 346626
536788 392502
150437 349178
213630 352448
182142 378311
149101 346956
145769 353920
208279 347273
215146 346250
186416 381523
205492 347966
149383 349707
211237 353894
208216 348959
212232 349520
521364 388321
535919 385043
151938 346865
150912 351757
187293 377334
151662 349129
152299 348418
432356 303017
212433 351815
149600 349763
175371 379757
180991 379660
149575 346308
179397 381546
211034 349878
148825 347904
203862 343154
206430 349556
208040 348276
208515 347265
150294 350340
175562 382292
152232 354298
430536 389744
182267 386091
213699 351135
179821 377824
211274 349473
208364 350176
155522 355179
178548 381530
149739 350744
152202 346574
150024 348165
210506 348386
203595 346989
208485 349672
477590 328969
178845 382613
176344 381767
174859 379642
206325 351543
437285 409028
146954 351388
214284 348030
153307 350255
179100 381776
210722 352227
209530 352941
493650 358896
216027 349268
527895 296502
205992 348807
154448 351940
152753 351431
184544 380051
153007 349374
178258 381301
144737 347720
445320 300234
152141 348722
146532 348577
178295 378079
207771 348970
210393 351097
177105 383178
183449 381490
150247 352061
174546 375296
183039 374531
151382 349727
149853 350417
146585 349691
184150 376858
152481 349174
217925 349833
176943 382693
412182 411246
206844 349909
211777 347282
177566 377050
207050 350183
178989 379417
204319 349919
210283 356008
210721 351440
183000 377387
147154 346387
149051 350946
178891 380560
177721 375095
178453 381033
181575 377888
205841 347416
150437 354233
209810 349812
215862 354220
177861 385430
206421 345530
181808 378112
178025 376880
211683 349929
184564 377936
185639 383860
154052 352255
179748 381063
150746 350056
207872 344443
148846 341165
209995 350091
150292 349000
183715 376526
209608 350828
208234 349336
177808 370570
144861 350632
481628 360157
144448 355923
213313 346799
215498 349100
208569 349510
155497 351072
453398 290719
209142 350926
181061 385106
207961 349712
178286 374120
174609 382088
150036 352653
504636 344942
145818 350504
206520 351279
211044 347669
174397 380872
182946 374805
180253 381607
147014 345295
177111 373499
532732 404320
208677 352325
435285 432241
214615 347639
478321 360052
185150 378284
450995 395065
211678 344906
179594 383446
152062 353543
215998 351739
212705 351356
146537 352785
433645 306847
207148 349857
151550 353262
183862 374524
148821 344348
151395 355599
148024 348444
206446 351134
152007 350678
536280 298849
177138 375520
148235 347784
178926 380215
155051 350242
153406 350006
142635 350024
176448 381869
153616 346745
214925 350736
211589 351857
210243 343713
146318 354404
177416 380206
208175 344743
150767 351458
146536 350836
209619 347790
203083 348802
177579 379610
208111 347834
211452 349782
175965 375015
179030 381534
441361 406608
149709 345722
149855 353823
209902 346414
180350 384908
208996 353832
215195 349555
146454 350692
152836 352116
172815 377546
147162 347345
174718 380552
179748 380454
437555 310760
188131 380409
150171 349566
151063 348696
179989 380070
179505 377441
149430 343711
533852 409260
179827 385337
146296 348537
177573 385941
215213 347619
497250 369946
147247 352530
203947 352179
212698 359263
179082 381028
209253 346205
178222 384403
179013 383277
212237 346002
151279 350255
206160 351156
144743 356347
211241 349085
217119 349997
208996 346144
207319 348594
183246 380564
214007 345511
142953 352847
211719 358553
180820 384590
206762 344948
184063 383508
180807 381991
181725 380591
207320 352471
146756 352450
205040 352448
214175 347155
148720 348023
180814 380758
154378 347521
182302 383464
177979 378822
178764 385262
185055 378180
184249 380746
442001 409430
153479 356719
177837 383211
178684 380822
187363 382463
444161 310321
450107 387839
180644 380520
178475 380201
156662 351400
494280 334449
180064 376245
151217 348799
174556 380864
425564 398114
207511 348811
447912 410438
152047 353590
152841 350440
210682 354365
210734 347670
210706 345437
183270 380773
207637 346549
181722 376117
206786 344764
213524 356080
187478 384700
150700 352222
451944 303651
154243 350230
437023 390588
143087 349329
152465 345729
184580 380575
176131 373854
155861 349457
212841 345799
214730 346468
213423 342835
207173 351253
207713 347257
146313 343097
149177 350904
179983 380692
177006 381033
207672 350416
212125 350424
153461 352479
149872 357701
179498 380139
439444 312236
150380 346620
181394 378853
211726 349237
161152 353817
149040 349665
182143 378729
145206 345302
146643 351028
208099 346388
148629 350242
151267 347544
184116 389167
179410 376410
147519 349111
207778 350914
151732 348613
432273 403563
146966 346655
178160 382317
185985 382388
209608 354594
178261 380890
206307 344264
147613 351520
208032 351614
151654 347084
180586 378635
210519 347237
149200 352549
148494 349028
151599 349293
211730 352050
211617 347669
180378 379443
208261 349072
446041 394731
209319 350121
184101 373715
208307 347934
179047 379271
435077 299817
181654 379564
210349 349916
175999 378652
147374 355896
208121 348956
205354 345190
177272 375044
185549 381079
211438 348260
180788 382608
149274 348236
216614 350727
175146 379995
213849 352463
182402 382415
168773 384633
210034 350399
153801 351531
532989 294138
181449 383937
212435 347069
177758 377917
149441 348489
208022 354188
146874 352666
148147 349099
151615 351968
207236 351041
147262 352947
179151 382215
208793 352715
183459 383945
459715 360163
208382 349505
155342 353018
209868 351290
210352 349010
181525 378730
209706 350440
178135 379795
178122 380728
148861 346634
173129 382569
533767 393738
149413 358289
209029 352821
179176 383530
153043 346474
153533 351164
145482 349716
153879 355624
208657 348983
211422 349327
207554 354956
156763 347932
181008 387998
147933 350093
420771 303239
181165 383809
207682 349484
177653 380941
152940 350383
180584 384047
182760 380229
205617 351309
214916 351085
205340 350272
496603 340183
178475 382055
212138 351555
213190 354952
150922 348875
210481 349645
157260 344262
179503 377766
208623 350015
148601 350192
208268 349712
145628 349374
205778 347151
158277 349723
148656 355690
154092 348446
152047 352177
175616 377979
206433 351408
212196 349589
211009 351322
208800 347070
213802 352115
151712 344887
207806 353493
174610 380083
212579 349367
490818 351336
490845 346487
214006 349969
143470 346487
151083 353684
149097 351653
494321 356081
148225 342892
543185 303974
208573 353737
211187 349457
548046 395971
207763 351927
182952 383259
206550 354899
143118 350337
212837 347018
211619 352990
203107 354464
178364 380095
148024 347935
207015 347231
181076 378822
211992 347539
206502 344364
205404 346449
521140 324445
206818 355155
533896 300996
211770 352271
148836 348478
148441 347963
178947 379314
209018 348250
154605 350326
177069 379832
175803 382001
178297 383794
184462 384909
177529 384979
153574 352401
146890 355061
203783 350228
206272 353200
179316 382145
210857 349125
213577 347387
211313 351775
208081 352506
146129 349203
481567 335959
179138 383074
478297 357861
182489 383284
179649 375329
177548 378794
143969 352056
148850 344470
159406 350991
206792 352191
176283 376635
180307 380530
519554 290806
180688 379207
149784 353166
213304 349499
183482 379792
150188 350976
151355 347972
181147 379266
186245 382437
209746 344691
179440 381461
152646 350636
207279 349806
151015 354623
151391 351238
151145 349643
178324 380747
184762 381233
208673 353590
210895 357178
146089 346359
152612 352764
218307 353134
180684 382181
148826 348626
546675 302306
148700 353334
147814 351287
492993 339914
209207 352031
205267 350791
213213 349475
152341 351248
453223 406490
177042 385145
145579 344761
209239 353586
149246 349295
180403 386219
575805 402781
177860 376429
154617 350373
183880 376073
176994 381186
212281 349655
207330 354563
209636 346943
153474 350799
211786 350359
175056 377958
208753 349855
150473 353055
211381 349224
157433 351067
149819 346448
212182 346566
185104 383100
151527 352086
151321 353486
210216 353113
150660 350718
184158 380446
212469 351213
149392 352082
207795 353972
485877 351288
183835 376129
153286 351914
178851 385119
180862 383639
179190 377318
179715 378877
145078 346010
520038 310891
180219 382845
211586 352990
153792 348451
208511 353191
208091 349733
516132 301077
206857 348527
146112 354691
211736 349403
182271 378555
434158 311158
179479 382662
180351 381950
553531 297762
153987 351031
207515 346055
212692 354574
181486 373249
147736 348439
182198 384778
153076 347691
152836 352499
179517 380163
182883 380003
150296 354583
150452 352489
148793 345891
150323 350128
182714 383912
210268 351161
180112 378669
173540 380006
209647 348756
443676 296613
183511 380926
215766 351196
212646 353290
181969 377297
209080 349904
148123 347805
210158 350627
149682 349839
150263 344847
490243 342981
144544 348639
212098 349211
177632 383642
145080 353444
207331 353179
185517 379571
151504 351710
148243 352270
153187 352357
146724 350186
181863 382811
208634 349064
214573 352110
154819 351253
208035 349776
156149 350330
147678 346395
209402 354355
214734 351810
207532 347535
145620 346654
181790 384628
146442 351678
149937 346543
152933 346025
152810 346040
212128 350775
217349 352468
492616 352620
179294 382099
209200 353724
146374 346365
205848 351211
180607 379062
207451 346800
213118 345903
209371 352999
146729 349678
179295 383527
206532 350081
156325 350634
498273 355747
153310 347414
208462 348180
145942 347661
214864 351501
214630 349024
208140 357334
207739 349437
203162 348073
144828 348138
443167 307288
148847 352098
181246 381831
207199 352075
152569 348449
177935 377034
185406 374809
532569 301168
178503 382029
209946 346897
145319 348540
181494 382124
183275 377278
539591 407940
209662 349374
146204 350531
153339 352775
181277 381510
176889 375961
177601 380776
178652 376722
491213 352071
211210 344902
179523 381767
154032 350055
149121 350172
212019 353328
185989 379574
209443 351417
149677 352370
149913 347694
178011 379755
148313 352593
178879 383278
176799 381758
208798 348307
177675 380061
435432 394646
177546 382672
184497 381274
148151 346783
154777 349898
213324 351771
213386 349616
152620 343551
551861 392281
178799 380507
183583 384432
179116 375017
149236 353471
177406 384357
207763 349760
154243 352441
150145 347844
178771 376947
148691 352533
181674 383166
146375 346795
145361 344655
151434 352765
143362 351477
480831 359673
175921 384042
412143 398087
151651 349520
178219 383860
149923 353318
152457 351017
210169 350998
182381 376131
150558 344350
212745 345972
150813 352530
180054 387870
213696 354392
208657 350171
212790 349094
179949 380927
152946 347028
177590 377048
213948 349754
179000 381662
176609 379027
145821 349083
149540 343900
150693 348356
205066 350981
149574 349742
153133 348367
183374 383088
205241 349809
443323 301083
149186 350003
206942 350450
214875 345952
154594 348810
211614 355347
147414 348996
145037 350120
214891 346024
206126 350456
206458 349207
208722 349155
209948 348285
147819 349463
181156 381521
178628 377604
210206 345269
431964 288819
497048 357025
211812 348973
179730 378206
183175 381908
210989 351040
158631 349622
149206 349948
179841 376162
210701 346378
213451 349994
179183 377042
185224 379445
208237 343559
156402 350412
180831 389238
144369 345575
151267 354556
146186 347124
147817 352743
190013 382139
213251 349758
179958 377299
178284 377123
208917 351701
149268 353640
174708 381189
147014 347173
151919 352327
440638 393365
180197 384414
176010 381099
213099 352531
206865 349260
149228 352439
146736 345052
426282 311020
207019 351532
209844 351140
149001 352080
213193 354380
183199 378490
176820 378890
183409 377996
170858 379628
148041 347773
148740 351110
211493 351646
211006 353317
156447 350205
210099 352706
488654 342212
154826 348421
150147 349207
148575 346836
209974 350339
149564 352566
148809 343333
177585 381391
151107 351407
178599 376257
180261 381260
543029 405597
214995 350413
179905 379861
214744 350626
214013 348012
148597 349362
146610 349265
206980 348272
157864 350714
472141 352581
151991 348748
171657 382401
180839 385181
535823 398491
177462 376861
168166 374056
144821 349853
147694 354563
150126 349956
525552 293124
213295 354027
153316 346164
209618 349575
185793 379913
208794 347333
179000 378151
213907 351904
148011 347897
550526 295829
213203 351738
207762 350118
177508 382254
154319 351765
175517 379231
183670 385698
179260 379554
207164 355702
149890 354504
148804 355180
207419 346331
180467 375468
176619 382035
180706 378437
204319 347113
181351 378773
146374 348793
146457 350970
179251 381000
180626 383471
152611 348355
180807 377997
214173 348501
177230 382408
149491 349651
518514 302382
210426 349652
212674 347316
210349 349501
209470 347863
177527 379268
180541 375097
181286 377744
424828 279786
149644 350928
179498 376998
207116 355169
147803 350423
186058 382787
176091 379433
154078 350634
178728 382192
147748 351738
155294 350492
148160 351470
206690 343699
208457 352317
153129 351974
205098 350619
147925 350962
207539 348635
149375 346232
213634 343215
176400 379996
209442 349036
154241 353627
178630 379484
149861 351098
210006 353352
179408 382415
152775 356238
209127 351247
208932 351187
212193 347532
174024 379215
212239 347154
178656 374401
213319 350791
181004 378349
179128 379136
145310 348390
210886 350806
174260 378355
208373 350623
149260 348748
154413 355756
175730 377442
146894 343403
149392 347713
208201 351143
205213 351986
176942 378815
180194 380720
152051 349694
147072 351807
178448 385651
181528 378854
180152 382444
206949 349369
452482 307651
208256 349279
175687 378984
208288 352278
204118 353706
149535 347190
151439 347353
204548 352551
216513 347338
181819 379615
208828 350221
145533 351441
177250 377957
145695 349207
176254 371881
178729 376543
213982 349623
208145 350157
148435 348722
209076 350478
185169 380781
146940 352409
179821 389094
535456 414252
151757 344988
485663 349665
157323 349404
211079 347609
212646 348807
180716 381964
151379 345596
152719 348548
479795 326937
176897 383312
148612 345804
157338 350599
184057 380226
208963 349289
177923 382190
211397 349947
206289 346274
148318 343193
177994 381878
181131 384445
179540 378219
211891 348412
211577 348789
152381 352995
153086 351403
149041 351094
180930 375928
177497 383360
149312 352625
148175 348362
488701 343806
180288 377923
210537 349553
151930 339207
204053 348279
179545 378956
179250 382138
215545 352959
212551 353541
145315 347683
544327 413129
186443 384194
154080 348416
150915 348067
148854 355239
147490 344482
185014 380656
155961 347543
151036 355719
175917 379215
147501 349473
178631 381788
156057 349322
205728 352986
153300 350895
213432 346695
175222 385243
184835 380002
147999 350765
151748 357959
151369 353066
174963 380734
208513 348713
182714 381428
210825 349257
175541 381616
178517 376633
467224 316312
174480 384275
181268 383480
152145 353488
537143 418849
182063 379106
211118 353880
153677 351562
214368 345077
177488 378074
205862 350764
176901 378189
204364 349627
177072 381388
150960 349247
147029 347699
204987 342605
207262 347137
533150 276765
147278 349277
206084 354078
148732 350005
150015 353007
206110 350423
208857 346989
153568 355502
206633 345610
541605 396515
439196 402696
216250 352115
152265 345171
187441 375647
178601 380012
178156 375267
211163 344198
482053 347293
183451 377122
177630 373295
211435 346968
181265 380358
207412 351172
145418 351405
186361 382354
180289 381061
148922 344525
148886 344341
177629 380536
206639 353579
152909 350158
214862 351977
150571 343401
153270 349408
147820 346408
210271 348078
206900 347546
177822 380948
212566 344625
183136 380401
152646 352683
543392 307015
178529 376643
186051 383586
176856 375889
179319 372765
182742 383150
149881 349394
211726 353998
211935 352842
451588 275478
182162 381516
215099 351722
208677 347348
206906 352713
209513 351270
208033 350389
205557 351741
150209 350475
209195 351777
206386 352663
179518 377396
149246 349975
143181 349281
145155 350287
181040 383595
176763 383059
210595 348488
213807 350111
154229 347005
181485 380843
148217 348940
149897 351840
148452 353066
203992 349966
153989 345816
178900 381266
213060 350375
215185 356333
211667 351752
176329 380538
215918 346102
146903 346596
152593 355359
212055 347669
155551 351184
184783 379185
210313 347678
205710 354290
527272 410149
148766 350160
184921 380781
210602 351356
182055 382084
203924 349034
174436 374079
152500 349923
205030 348431
151949 344753
154188 352409
150860 346714
147039 353238
211612 351520
209642 353497
179442 380287
204919 359231
179789 380880
175765 384786
217298 348508
210392 350475
177423 374638
175979 376399
210995 347150
181245 384321
176895 382333
177173 382303
177306 379472
150922 355786
211186 355137
146724 350672
177650 380825
149487 346090
151880 345770
206627 348406
145216 353921
147822 345552
149651 352093
212372 351318
210280 348934
152922 351321
179933 379792
146824 348123
153954 344130
211183 353679
205902 347418
147385 346698
212800 347544
179014 375348
215636 356651
178263 385470
207294 350485
149337 351881
147994 348504
210257 347788
210168 342172
179985 388472
208680 350074
150036 351373
180178 376254
216120 355262
210390 352103
546208 307112
152526 349763
208750 346632
212235 356804
185873 381024
179212 383573
180233 381617
149861 350040
209606 348859
214401 348088
209562 351901
153070 355236
204920 354377
153135 345647
205475 346071
156096 353503
533786 399463
183892 386821
148834 355946
206709 352605
175301 384716
212782 342538
442622 401780
210210 346634
214289 351594
183813 377950
207125 346303
183367 387345
145815 352482
153174 353459
145926 351037
178385 375517
209353 349154
206999 349372
211796 347607
143258 347665
153788 347091
208888 348040
205813 349195
152205 345618
211659 354422
211379 346701
208753 353148
208899 349963
179843 381233
176500 374724
209654 352840
152465 350894
153602 347367
178469 377848
146556 355830
146219 352532
175567 379981
178913 377842
145200 349645
158644 349723
210951 346469
207211 351980
151356 352090
183984 378444
178784 379579
206182 346506
186459 379197
158758 352360
152001 349861
209247 354793
206294 352404
142666 353474
151311 349712
147656 350199
146819 350247
209507 350404
184270 383848
173379 377483
145726 347326
182929 387226
149242 349886
148166 350486
208353 355091
154936 355458
211332 351094
207467 348867
154467 350198
213858 349645
208706 347206
150873 354998
212745 351596
174223 380652
209412 351357
150387 347281
183227 381331
212187 349821
151960 350686
152742 351671
151951 351232
440601 298220
211324 352645
208794 346325
152140 346648
177083 384716
156887 350955
178842 376154
212613 349010
536611 390248
155706 354510
208926 349747
176009 375022
153178 353250
151076 348858
180920 378715
155749 349460
149993 347087
184381 377172
175186 380158
439734 382128
210207 348742
150920 351062
148239 348929
179228 381030
530032 399853
210146 346150
145865 351895
152595 350427
143984 348400
149344 356738
216392 347300
212144 346947
175119 379690
176462 381758
146860 347127
175656 382186
182010 381771
437269 285059
149301 348623
150380 350444
151742 352676
216878 348719
177669 381435
207643 356229
176443 373901
181156 373135
158691 351637
152092 351314
181556 381244
147551 344560
208102 353548
184241 378432
180257 382435
154677 351845
180489 381404
152773 349335
177120 379190
176585 375912
178957 381696
554370 280085
180561 378436
150581 353450
477243 364459
209326 346059
150184 353376
155720 346258
147319 351888
174121 376412
153162 349835
212871 349747
533455 271530
202322 345630
209281 350906
181535 381088
205900 348155
210153 349344
181552 380258
148634 350664
151571 350807
209917 349596
181806 373957
181534 376748
540597 310372
150017 349607
215940 357099
540728 403946
144825 351607
432945 292635
176240 379386
209779 352258
180534 379348
181092 379782
143271 343714
210259 350409
148846 349941
151426 355880
179115 375023
544704 289139
153039 348426
211766 349068
154477 359157
148850 348767
178380 378439
181111 380518
208554 348502
178491 381249
187805 384897
180711 377651
205576 352066
154769 343810
148202 345777
212832 351122
208237 350193
210715 343370
451260 389961
210430 350060
215002 349902
180796 380197
159326 349790
497109 353916
150246 351316
180455 387080
175411 387385
144408 350511
143851 349886
150507 353079
183240 384856
174983 383309
182681 380166
154459 352825
476665 340422
208568 343932
147892 345293
155982 356388
535322 310550
177677 381608
182298 381922
209816 350720
175466 380162
145190 348226
182329 377076
178168 376796
178153 379394
145619 344229
186745 383203
207535 347573
503243 332853
182428 380553
178722 375084
174681 380736
209034 351426
178875 382996
186823 381517
178848 375190
446840 398303
446013 413153
147752 354751
178866 379842
206265 346154
152064 355026
181687 376400
208336 349531
149977 342566
210975 345080
180361 386018
147500 349245
447453 310713
177096 377772
150930 347385
146820 349049
151978 350834
208424 351574
150592 351938
155517 350952
177523 377973
210865 350376
145948 347644
212960 350821
206052 350763
419502 398891
206888 348625
146033 353098
149054 350390
151231 352606
183394 380485
544234 288982
184194 384894
213914 346519
149229 351991
181162 382444
145987 349494
205892 352886
207572 348960
210192 352915
209628 355082
177909 375012
148779 348282
201901 353664
145998 349829
150726 353032
149521 349957
181333 382593
207355 343342
182554 382710
210875 350544
180328 383666
204815 350670
176884 379266
180656 385491
211013 352778
151596 350071
150217 350232
180218 379137
181515 377699
204645 350927
179374 381046
211290 350999
149171 346227
155213 347748
209967 352683
205005 345370
490332 344869
183315 379442
149663 351707
204782 346536
217735 349903
144959 354607
205593 354706
182908 381123
178671 387605
179373 379835
213950 351450
212731 355659
153480 350609
208815 347649
149320 356663
180383 383758
211871 355439
150150 344613
144672 347089
176900 374657
147048 352157
177510 374278
211555 353666
210506 347763
209011 348886
146627 347847
147318 352620
207963 355642
176160 380203
207261 355919
212788 350927
210973 350780
148829 349491
204658 347749
146311 340824
149077 350324
148372 351177
182687 380704
179129 380208
212554 350897
206684 351338
152268 348868
209461 351384
437647 294591
144581 347146
152474 347512
205694 348944
182274 380654
182492 379996
215484 350485
448944 403734
147581 344238
178965 376470
178038 379494
563820 391269
154778 348095
173478 372826
150496 345997
158176 348142
181949 379192
178348 382150
183553 383175
183357 379852
181144 380103
148988 353750
502727 357963
146262 347898
181755 376685
173934 374608
212163 356625
474062 360848
177674 377218
151831 347268
422319 396127
150131 347429
490238 364288
181504 382344
147791 344820
182404 381264
211987 348685
153424 347687
150301 346792
207296 349708
181909 376465
180765 380557
151846 351077
146734 350287
210390 348655
210774 347770
175753 380679
184127 377428
151370 345947
179931 380691
178107 381645
179633 383252
213991 346360
179491 376084
209684 345546
212265 350427
182353 385681
178338 379036
454726 283028
146816 346938
182508 378840
178656 383553
156250 349075
181023 381981
538704 397771
171171 379572
148182 352725
148403 350864
210085 351001
426707 300399
148479 350237
210838 348611
212135 347302
180120 379674
212007 350530
150054 348706
208071 346663
208169 352753
215118 346034
146543 345571
210982 350601
180061 376078
146989 348378
150923 347975
178034 380589
150357 350979
148582 342927
441954 295230
219261 351906
153904 352452
211512 352314
426012 405917
154488 345713
211629 352214
174786 374181
216338 350105
176820 380640
211968 347113
179390 377928
442708 302957
150950 351537
432115 299098
206676 347391
180254 379866
547832 404624
142854 349744
150510 352630
209965 345634
178929 381373
146721 350428
440782 390037
148848 352411
203176 351628
175039 378335
155594 348967
541884 399822
208212 351374
152658 348627
180995 381721
151134 354018
175222 378892
180485 383393
184129 378867
456244 396890
213652 349891
151563 348560
147922 349435
161316 348971
177160 380326
181097 384860
154005 352546
174048 383704
531922 381871
179119 376675
180986 382637
208384 353973
147653 344901
148514 349160
152881 351417
145339 346142
217020 347165
178271 376634
174140 377495
144844 349562
151067 350907
143404 350354
175939 379421
205010 346487
147456 351303
176123 374734
153034 346797
176916 380393
148978 349687
181472 382625
212936 347060
144136 350651
155644 349481
214944 355190
178238 380073
149425 347106
180084 376926
151303 344552
148031 348284
153245 352054
210059 347296
422795 396789
180448 378712
149712 350362
152852 352014
180011 381896
173948 379903
148340 344629
178953 385566
182679 380829
186181 381370
180148 377067
208103 346251
152199 351005
147316 352064
148215 346304
209112 347826
177877 385258
208349 352945
176286 377873
207569 351027
176488 383907
180785 380136
209883 353218
155098 348820
213087 349586
153600 352654
151907 349817
446310 388359
182510 377597
443749 308914
180531 378376
150387 349221
186255 382799
149352 347489
146253 345529
181106 378461
181236 386244
184006 378708
209783 349081
211126 351318
175055 378509
179692 386552
151901 346330
494217 346882
151450 350067
185902 385243
546312 409101
207439 344051
454508 418867
213967 347411
145656 351507
187314 378344
149197 344090
173751 376548
182758 380578
151419 348191
212705 349592
148704 348759
180471 377635
181007 380521
146797 345581
181385 382827
147551 346554
177738 381823
493057 349563
445217 299720
181650 380739
144501 349172
185087 379883
151737 349302
176678 382148
149583 349669
456858 411818
179679 381835
157667 345018
209323 350039
182906 380708
211251 350498
180346 375381
179590 379687
209984 349944
210255 345214
153659 350459
176973 378789
185567 388204
440434 395550
440965 381719
178402 378358
180712 384097
180165 383031
205390 353198
178311 381204
179655 381670
175049 380401
179498 380328
147267 340855
215629 356193
210288 349320
178806 380982
148790 349956
149015 349782
151348 353222
214426 352809
180912 384803
201188 351496
152953 347664
148290 340826
179950 379280
156399 351433
212170 351791
432445 301628
185171 381585
153450 348388
181095 381486
142876 348315
215547 346724
182608 378030
182899 381154
182229 378740
449516 295232
209787 348578
147609 351350
186627 372719
181886 381038
174622 377058
150677 347392
146870 347574
143821 344578
177547 378249
207768 347526
211277 350342
151355 352797
147884 350829
179964 382397
177000 377964
181670 381851
180744 380081
150854 353671
148323 353747
153373 349936
152182 349431
150246 351762
180187 379068
207837 351581
179163 378819
151939 351535
181531 380327
207531 348830
178811 385159
212305 351350
180127 378752
207424 352931
182017 381420
185448 378114
207233 354136
210779 343883
214691 352045
211121 351636
208943 350752
179169 383070
177193 379939
181823 379064
204968 351882
151030 355261
208632 349822
209855 347757
213239 347960
180097 376646
148946 349171
206378 352654
143930 350574
206063 351932
183560 380756
179633 374846
178610 377115
146325 356527
179513 382833
185220 382742
217690 349341
205697 351372
148388 356189
183913 377371
182158 376162
208653 353874
215326 349677
508353 350501
148810 353003
210144 343527
527942 397872
146773 350840
177241 377461
182612 383866
544295 288380
184034 380044
150457 349129
180979 385141
207690 350130
180802 382540
179083 379237
150813 351471
181286 375127
211043 348955
213659 349559
215673 355594
179791 386369
483915 343269
177428 380591
183488 377695
151709 347407
149486 347551
150758 356150
209125 349058
152561 348648
209078 348773
209121 349676
205870 346575
179594 383340
209778 354227
176770 377476
537049 404920
151806 351784
432759 291845
208966 347622
179667 386515
151563 350475
206022 350356
206510 348745
205879 346679
183127 377297
209684 350277
211704 343883
150332 347981
443064 296700
151008 349692
211815 351150
151211 346327
149648 348732
209937 349538
147411 348099
213233 348753
180788 380965
211779 356266
155161 351693
209204 353921
152795 350788
210632 344950
212936 350516
207460 348822
210932 352359
210286 352204
180146 381379
178229 377565
150551 352813
180724 378430
150261 352087
553387 411209
150735 352809
183228 379463
215631 347818
211092 352571
175180 374950
211385 350752
152256 345626
152767 350127
146873 345316
206250 346029
209815 349822
153753 345759
148495 355491
483674 334895
214693 351281
176010 378456
210732 352901
207314 347323
528889 295172
147400 348512
177339 377986
174487 386371
206806 348361
150346 346915
209188 351493
187968 379397
178481 379767
182380 374513
142138 348587
210817 351418
152610 351614
183311 382935
186863 381560
177322 378156
176288 386125
184006 373492
177168 380781
181609 380966
187246 377819
215401 352692
212511 351930
150406 350554
151294 352625
207307 347533
156073 352604
153083 352106
151152 355101
149513 352843
210596 351578
183467 385325
153034 351990
150717 348483
203798 347800
179730 377253
211623 354324
151693 351593
210657 350764
151726 353712
211312 350357
180641 382289
147033 359048
150679 353540
178293 376698
209269 345766
149130 355668
181229 382067
143123 350414
182429 374248
179421 373126
181346 377633
179041 381528
145040 344885
149479 351115
181373 383275
212439 352470
210647 346951
210042 347690
179868 378479
436629 391034
181839 378796
215957 348563
213798 354329
179180 384359
174940 373274
175609 377000
144645 342006
147263 350557
202663 355623
210555 348653
146693 349179
147095 352824
175591 387371
175525 376359
179487 383442
147555 354804
178071 378891
146596 348900
179497 381757
150855 347508
148331 349173
207941 352523
212705 347208
176671 379811
215814 352242
144217 353379
144168 349794
179899 383262
148236 351707
539936 292318
179460 383888
181277 376666
181159 383614
179237 381787
425649 403061
180546 384631
152851 348407
181336 381852
174912 379953
145353 347699
214225 349006
212830 354213
147740 356836
179706 384436
209894 353280
208458 349858
210069 349879
206355 350828
212043 354129
180417 381649
207167 350072
181357 381075
176856 381167
179279 380807
208052 344032
152725 347705
181600 376429
151140 347495
206180 352727
180503 378142
150000 350014
212988 353050
149146 351295
213170 346416
209500 351174
183394 387046
180215 375247
436347 301376
180482 384536
211233 354247
207983 350148
203322 348362
211023 349419
212145 342605
148008 347815
150569 353778
148663 348299
203998 349032
184842 378553
150474 351489
210573 350743
185018 383412
152101 348882
220158 348524
142858 347365
155663 346751
210181 351811
495416 354339
174335 375790
151301 347080
208055 347370
209413 348382
527319 397961
184271 376298
152488 351036
208067 351400
514802 363319
176390 381824
175690 372026
210229 354206
203766 350366
145495 354912
149826 348924
180623 378387
176837 378146
150039 345645
211200 345447
185880 382595
147601 349154
148653 355738
145386 347723
209677 349188
543753 392008
213074 349525
206791 352498
147596 344042
178069 382972
182555 379595
149934 348620
148899 347868
148683 351365
211501 348657
150789 347920
539584 397442
206176 347536
209555 346313
177736 375194
180444 380176
211208 347897
453814 287748
148375 350976
152284 350721
208525 352315
184794 379825
216433 352547
149793 351600
212673 350216
149774 348278
436472 389040
179349 379387
142632 352916
146344 349954
209841 346140
145118 348299
212462 347683
150608 355440
178521 379136
177165 380807
147541 348011
437649 292557
185299 379909
178604 381606
207830 352543
147189 349573
149336 347287
184150 379686
183479 379445
211669 354107
148984 352268
212123 350240
180125 381826
152098 350949
151104 352523
183204 385000
151449 355418
181089 382388
177972 381945
153069 354500
149208 348771
146178 351091
210600 345062
173774 385189
179525 374916
156056 349607
181903 374692
178919 380616
207326 352633
157933 348148
182342 378231
151248 347987
151509 356327
185416 378882
146993 347181
202998 353279
179060 381063
185210 381918
207168 345749
182347 377190
150168 356160
206671 346169
154847 352140
202819 339160
179284 380821
148396 348622
211907 348469
178269 374986
152845 351815
180002 380317
176753 379144
481435 341911
209220 354986
145788 347034
149607 353888
203856 350477
180698 384348
204552 351677
181139 382799
174399 380796
534491 302379
149637 357153
210990 348248
178442 378610
207954 350147
206026 342629
151119 354665
206998 347604
148971 352822
150987 351592
208801 352633
211139 347188
149399 348482
212577 357150
205068 349126
210983 346785
178800 374779
158634 351654
152356 352358
204070 349361
180362 377882
548733 301882
212474 349802
178964 381966
149273 351147
147312 352171
151575 349850
178124 380864
180586 379824
155736 353207
183803 378209
146466 347059
207199 346352
180217 378890
205140 348315
146216 349903
179812 378731
156400 347239
211077 350932
174317 383603
211299 350642
212664 352861
149862 356883
175597 381551
177904 378190
180999 380575
151003 353521
182068 377751
210696 351606
156035 351181
205194 347704
209739 346098
187315 379346
207896 344608
202963 350426
207507 347813
209264 354161
215704 346927
185749 386559
547818 302790
185253 378824
211651 347581
146304 350414
149482 344758
535407 385709
148090 345739
152066 347764
152537 347046
154972 352408
140282 347082
180788 381189
152048 349353
179696 381223
152732 343546
206174 351073
186120 385454
149113 345288
208981 349607
477238 349535
150395 343748
536473 401512
210933 349422
155072 347522
178852 381537
182100 377608
179788 382133
219288 352927
179060 379974
209690 348660
180083 383881
146570 348731
183112 382381
188701 384475
208563 353773
145512 352648
152794 350659
210655 351434
151009 350546
143812 347512
213672 355254
150533 351068
172678 377452
181176 381719
178899 379329
205916 353785
177682 379282
182442 385153
184429 380429
178145 379066
207214 354435
175757 381001
205189 344028
211572 348051
210192 352965
180504 386710
149443 352626
212334 352009
147713 346963
209568 345711
150554 349933
179430 381652
174296 377193
215146 353321
418281 402790
210325 346542
212054 350437
147231 351507
153181 356433
182328 382499
154480 346866
148044 346994
177795 379172
206657 349149
209112 349745
205173 345169
148594 353176
209101 354429
212616 347023
207468 347661
212788 351366
209162 353527
212676 354232
145826 357549
180738 384111
150761 350182
201528 348251
145311 350397
150433 348935
153038 346527
211755 353502
151401 350408
209475 354962
210664 352471
151731 350120
211358 346000
155071 349530
184341 384122
152133 350283
178705 381973
148056 348116
171715 379705
149071 346399
179780 376641
151241 346569
215436 348542
143038 347581
500683 344816
150492 351000
179571 381928
181114 378368
148892 349412
203259 349323
152975 353945
149425 343582
545005 305287
148473 348926
208307 349884
212411 355933
144583 350248
175848 377888
151629 357810
148629 345074
176043 384123
182761 382008
209140 355821
182281 378871
180205 382416
151927 353486
147033 355107
178493 376659
211478 351100
212440 350617
149507 343722
445261 393861
441285 411831
151036 348567
214316 349892
209466 350407
150929 349676
442899 292309
210439 348272
149442 346398
153363 349237
179901 381524
467281 354885
178955 378417
209108 343534
181320 383549
154817 351011
149012 353776
148706 350628
211292 351658
172525 379465
208117 350395
210699 348182
177748 380934
182493 382532
182201 378986
145013 345694
175311 378793
149801 349982
183479 378524
149174 344152
148124 350523
153501 351529
154710 351245
177147 375137
176905 379033
211632 354628
148286 352585
176488 381108
215775 354629
211966 349106
147159 349816
151891 349996
175576 376805
210561 348094
149452 352025
149605 350564
148006 343608
157235 351653
216608 348526
203805 352380
177423 380302
209990 349623
151695 353580
144926 347934
213021 347091
208352 352889
177412 381902
183335 382051
213386 353680
151668 343219
183570 379460
144984 343503
182680 379943
548888 292555
205805 348768
212286 349292
205996 353040
151290 354070
146744 349115
181393 381736
210069 348058
211053 347551
214894 350449
153835 351004
216846 351937
147916 349321
150615 348066
215178 351612
144195 345231
426110 379490
145379 347808
181400 381463
205688 349553
179851 374586
178910 382559
207980 347181
205836 348679
185779 382371
172133 380311
150844 354043
148570 347062
182302 379882
148900 353219
149060 350921
180261 384484
447070 283146
180105 387198
151917 352891
450954 396587
212679 352326
151256 348381
183278 379060
182257 383360
463039 400074
152089 352540
440556 419742
211568 347991
208776 351685
211131 344829
208881 351906
182756 380339
145731 350480
488266 353455
216009 351845
211469 351339
149309 345188
212750 348563
150549 347759
183468 379647
178511 377706
206799 351971
209509 348344
175560 381822
208033 349902
151294 352944
155938 351106
179801 380358
210568 349662
183921 381822
208190 348179
151050 342417
148475 349811
151155 350793
538525 405846
495568 353232
528276 395395
173660 374077
212181 347281
149439 345216
148041 343620
146404 351516
207683 349161
180218 382481
445008 279322
208370 348559
209081 349335
180831 381072
144291 346510
179409 373367
147603 348581
181698 379593
146370 349082
182195 375171
146134 347625
175799 376935
491003 352797
182854 384912
178893 380507
174991 371161
212710 350510
180887 380116
555333 390172
209668 348659
175359 381484
149749 345793
149287 351539
546754 394768
151749 343567
183690 379690
211446 352714
149286 355546
182864 385462
212199 352240
177708 386695
210918 347825
425089 395800
207035 351940
530151 290346
181912 382354
210905 348455
208873 348177
183062 383974
203722 349934
213917 349103
178010 381236
149050 350168
173396 378216
181342 381162
150910 347502
217427 354473
178966 383671
180330 383547
210036 358017
146291 342997
149138 352967
180825 375291
210939 348260
185855 381090
204769 346651
174288 379021
185155 377621
441093 286428
151107 352084
208376 348135
176730 377813
180017 379677
148257 353721
154507 352816
150004 343715
181750 384821
208806 352888
181203 374694
180503 379640
184387 382351
211101 346195
150211 350624
210840 350115
208572 353548
178528 376930
148666 351592
152294 345996
177697 380128
181012 379370
148671 358953
215377 351455
210137 353461
181039 381044
146992 351893
212439 348931
183842 379725
147876 354658
208492 349155
177572 374727
215553 353917
179115 380371
185383 381287
179411 379033
208509 346184
204414 352351
208257 351283
174965 378252
210453 344653
182150 383605
176936 378179
152958 355493
150516 354431
152489 349459
213638 348014
211338 353419
145431 347146
179208 374567
207823 353012
209393 353038
150002 346776
183333 375634
187598 376707
150975 347255
148887 347247
209727 350321
204756 347647
540922 294452
179263 381245
210243 354387
536656 416927
176528 384548
506005 335627
181634 377924
532924 306096
148405 352886
175508 383529
147891 350667
183905 381773
211157 348932
178713 377328
149276 356916
152535 356772
214821 347895
180025 374565
181271 375870
205289 347388
149652 352258
205049 349974
175885 379311
144213 353046
212405 348576
181135 381831
209188 346546
175051 378536
158484 348120
177040 375458
210974 344504
149376 348451
206661 348850
211048 356931
179716 377663
180486 382639
147723 343619
183926 379137
174977 384232
211596 343736
216017 352369
178788 383236
206788 350348
149234 347806
151257 350876
531415 405039
150860 353163
151243 354094
148579 351793
207067 346745
208835 346888
210019 349939
151001 354242
501393 347197
210618 354888
149453 346448
146305 343994
208117 353075
148761 346488
217370 352541
208956 353328
211753 347188
177385 379140
153511 350407
151036 353169
442812 414100
211390 352762
152733 347868
177665 377151
211460 343394
210572 349467
144195 350891
147317 353707
183097 376387
181846 382658
151402 352810
153868 346321
178245 383096
180467 378596
151565 353107
148965 349112
215027 348807
208902 352731
180279 383838
150297 352950
212370 348997
207108 350505
209488 346907
145958 344041
205603 352489
213929 351066
179217 375871
182048 381135
210803 344298
151878 352793
209342 347057
206741 359496
184415 383111
207818 346914
151669 350982
180700 377129
151665 347350
150519 351317
149380 349283
149201 355519
207523 348946
149296 351335
208342 346683
177039 378807
179014 379673
208453 345369
154839 351170
209495 352533
151606 346781
178963 382947
146180 348565
213773 348859
188477 380124
150255 355752
180600 384046
216311 352321
185495 382375
211428 350444
177449 378502
212608 348532
207929 353627
207460 343952
149358 350628
559639 305131
207680 352965
208349 346580
184283 378482
181515 378273
183226 377148
180774 381116
181413 378544
175895 381855
177575 380196
177004 383130
216141 348064
212529 346989
212173 348007
157031 351039
206018 354528
181286 375270
488293 326823
177690 379540
213053 350677
180672 375576
176171 378797
152301 348293
181942 385092
176422 376892
210525 354593
179455 386917
147290 346437
177718 382657
153007 349050
207834 355725
211472 346972
150020 350767
208252 350069
151305 350036
149627 348657
173846 379245
209332 345649
207674 349132
206692 349838
212395 350872
178647 375328
176036 379019
182760 381412
150494 351123
207985 345625
143787 353779
182222 380341
152412 353795
452900 289904
210390 349922
207452 353007
210223 350218
203916 350058
181388 383615
181961 382604
209874 355660
180873 378518
146226 348913
150465 351687
214229 347647
177237 383446
183407 379272
148348 352654
177240 375852
184809 386701
152508 360528
151740 350601
540988 299732
179187 377874
206606 350385
533923 407312
183428 381950
423359 397004
212077 347347
183399 379998
182841 375086
211370 355260
209210 348214
212135 350367
183095 385447
183794 382113
181168 380749
148442 348361
213931 353612
210815 349665
147139 347912
180634 376403
179679 383254
208822 344326
180246 381932
152754 351985
492276 341239
178794 382392
204515 349079
211482 351508
177336 375636
151303 353268
147942 349017
180637 378786
207535 343987
154119 351682
542269 289858
210292 356340
175302 377641
151645 344332
179067 379666
208911 344605
151282 349900
172055 377987
211742 353037
203642 355615
209577 353126
180630 375483
209124 347702
178269 380518
434794 295549
211383 350849
154456 349715
185669 380593
180833 377828
181351 385514
178498 381739
150072 351752
215660 349377
183511 381442
219587 353960
432581 293069
214349 352639
172256 385344
147779 344583
209230 349796
145489 349624
548876 298655
149197 344839
205134 346564
186441 378923
145982 347970
440051 315189
175498 381170
182633 381995
178985 376103
149289 352652
147712 351859
149744 347899
152803 354731
210425 352691
178006 375144
207802 352837
179119 379940
449381 413551
182891 380003
149630 357180
210375 351707
207752 350928
178137 382409
177997 375546
213041 347427
433415 404454
177244 382295
149075 347144
179135 374711
200106 354086
145579 346261
151645 352251
207227 351751
432962 294831
183560 378808
212610 349195
177127 376751
143667 352558
146432 349917
151118 345326
514886 315379
147988 349819
182884 372345
210897 351724
206347 348216
182610 377686
149724 346203
185459 380732
179068 382289
207771 352793
179981 379848
180754 379127
209850 350202
144903 351152
180162 375993
152052 354005
178951 379056
435310 297718
204282 348211
185091 380591
202430 349395
150837 349546
179396 375956
213684 349761
186404 378914
149024 348251
152891 348087
147116 350180
149318 352136
151784 351776
522865 296743
149661 351682
209977 348553
209599 344929
206761 351630
211619 346621
210071 347084
210569 355625
151933 350668
150923 344010
211179 348707
212184 349565
185801 379730
187570 383084
148444 348861
149252 349459
453425 294242
206680 346902
173515 382655
209938 353032
145399 346959
153406 350653
207579 348328
178846 380961
147165 349581
150311 351735
204930 348063
154466 351698
150534 348054
150211 355296
181722 380139
216997 350403
209637 352294
146790 350534
211406 349616
146908 344393
143837 349430
179732 379574
144733 347578
152823 350400
180400 378277
210093 347698
155322 353652
211353 349029
148419 350357
209922 346996
543179 305521
179284 381510
183165 383230
143178 346587
205906 349023
152424 348601
437025 406583
148264 342822
149787 344068
147126 352830
203529 356299
178497 379354
213701 347099
178756 382014
174282 370056
441898 408694
180364 377071
146373 346559
155031 350145
144833 349492
211648 350867
214519 349829
180776 378828
152407 348795
176211 377556
206833 344155
150704 344486
148105 352019
211769 352543
157988 356532
152701 352456
209637 354414
175230 378206
180906 380351
181425 377163
175742 377313
183537 381551
181246 382817
179701 375456
208002 350341
175466 384447
207420 356137
208688 351739
176363 379119
152782 353492
425177 300915
213490 347496
554398 292296
168229 374018
146343 349798
213356 351170
211346 355355
206903 351716
181008 381871
209762 344935
178695 384157
178020 383221
211881 345533
214481 355141
147540 350667
426272 299207
214958 350664
151544 351539
178939 379398
213807 350374
150275 352387
153061 352871
205791 353477
155050 346446
150526 353603
207524 345822
211862 351830
207424 349278
150359 346535
213116 352639
182148 380969
208757 353075
152211 348149
178576 378103
210750 353973
149826 351009
178210 374648
206007 344715
148675 360774
534226 398682
154117 350620
207831 350510
452994 394962
210255 350720
150968 356557
210921 352704
152348 352394
550418 406706
210408 349202
148088 347954
541048 408366
148227 350704
150345 353725
153873 351547
207460 348710
152811 350341
180390 377609
150520 351016
174219 379904
147387 352803
150772 353016
182639 380128
209083 353829
174645 373463
149803 349936
211698 352071
206855 352027
179539 382288
211695 347791
146986 351751
213799 354110
147923 353118
183797 378401
146291 346671
152461 354160
150956 351158
178888 375483
447144 293258
190516 385362
449095 289080
178776 379886
205912 352497
152925 351762
150222 342945
210629 348937
150349 351210
537097 303257
207791 347719
214116 352566
175416 382480
178566 378728
212395 347924
178741 380277
182549 384766
450577 299665
179895 383019
207399 348261
152490 348109
206797 343705
536990 407424
182333 379841
179469 381373
179526 375016
152474 349974
149123 347731
178920 382526
180538 382052
180325 379750
208851 353170
207976 350690
215240 349482
206083 351839
185626 381409
211911 353796
149366 353550
179986 375872
213001 349378
176535 376258
144818 346820
209253 351880
149275 348578
180700 379503
209057 349559
152402 352117
150106 352328
209697 346209
187480 379482
184783 378410
172316 381049
156359 351712
146635 352128
209196 346569
146632 349010
174285 382744
493113 373761
449331 302362
146387 349189
172442 376038
209399 350536
147160 352017
210434 350741
211224 348566
153444 347865
184289 380760
540057 291395
208863 347223
210746 346512
181152 375935
429013 394981
209326 352279
207307 350000
148546 348619
210021 350910
207890 351862
441708 398114
209263 352586
206918 354770
180118 378338
149702 347799
179037 380023
183750 382120
181590 378514
181123 375685
150826 348662
183486 382548
179626 384152
151372 353735
174633 378708
207055 352186
149046 349936
148614 351358
183480 381760
151174 347435
180509 381556
208561 352600
176449 381023
151891 349985
215568 346433
147002 354417
153391 351032
177286 380929
178192 383932
183966 381466
210309 346833
215567 350629
182806 376082
177553 378879
146879 348249
150529 347303
214170 351124
204395 349126
210603 348669
152699 346789
148910 348966
471427 350748
148197 349193
153475 344284
208711 346127
151797 352078
149326 355921
151112 351520
179856 377547
182800 383255
154098 348281
181713 373999
152338 354342
182622 378815
181807 377555
211489 351162
213538 348592
153569 349359
181280 378709
209124 348766
143887 349016
152633 356008
181297 384074
149408 350163
208205 347410
178064 376791
447384 406279
176519 383405
441988 395642
181937 379298
177781 381462
450953 393997
207782 349119
432510 381810
448322 288526
181320 377849
154273 350655
182657 374124
182714 377774
182110 376228
151725 351745
146155 349112
204481 352044
183338 383268
150204 351286
184023 381188
149312 347309
209499 349264
180721 378794
182626 375669
207555 348547
208169 348713
183745 376256
147658 356760
540820 402129
204054 345711
178776 377842
207008 347753
473585 353015
147265 351837
150892 347973
149955 346655
177119 380626
149213 344992
150581 351148
217569 347654
204815 346751
176172 379473
181232 380824
148685 352606
180011 382839
150548 352137
149119 352480
150827 348599
150081 342885
213795 349829
148490 352869
209871 351156
187327 383097
212849 347913
184032 379091
212101 351599
489461 346701
210801 353193
181381 377860
207198 346854
210132 348445
213413 352279
152893 354218
150630 350705
178110 386459
211549 354026
150486 351932
144628 348976
210955 348337
180107 378847
210034 351075
146654 354798
147520 352941
149663 349317
153702 357797
182419 383390
203977 352533
151156 344280
521562 396186
150954 358508
205241 347599
149631 350139
150107 350572
151268 345573
180828 381640
212027 346268
214132 353113
179359 382880
147999 349149
179773 380893
178395 380054
209376 350506
176674 380449
148469 353342
435813 305545
174455 378891
205664 347947
147845 350599
173606 378122
425150 404357
150194 352257
183465 383534
209134 349261
154656 348013
158704 350021
177978 376187
212291 350520
148654 345783
545892 303811
149781 351490
211509 352122
151787 349935
175577 383100
151012 349734
185988 377660
178012 379842
149982 350262
210878 349872
179269 375675
220713 350297
210837 352189
152019 351543
213696 350980
174942 379956
182034 376697
213170 355493
211667 348103
212678 348330
182112 377173
206157 348097
146129 347229
535714 281762
209413 349589
180794 383003
205817 347625
178170 383402
212369 346737
178864 375375
544190 286209
148319 351874
148527 346991
151940 351381
486179 360086
214396 351178
182573 380953
181740 379894
208222 349719
154795 353388
145799 344435
180837 378988
150245 348533
146161 352594
209551 351571
153192 349241
149093 351252
205372 352230
148851 349526
210458 351242
179987 382331
178479 377638
536539 392677
184879 384242
208563 351724
153643 348056
430315 297650
148688 354980
205941 351283
214182 356148
180972 379643
212887 352502
207092 345649
148368 346899
209476 346366
152585 348767
149885 348031
210905 352538
177855 381166
145594 347726
499546 343520
151421 346866
151711 348007
149134 346065
178508 377666
490692 368092
152365 347281
543725 300151
147582 348124
178594 381402
149711 347203
209790 347476
183698 376956
542526 400385
146088 348002
208126 343358
211260 353336
183909 378548
177250 375952
173093 382522
179385 380711
213726 348449
180309 378436
147878 347240
211695 352734
538442 299851
155600 352002
142096 352915
523777 298863
179136 377901
148586 345202
173958 377402
151420 348658
175090 381204
183456 381608
205673 350136
150982 352991
182614 379397
149726 347413
210635 346445
148779 349524
151497 348108
478759 345532
214495 352190
207019 346624
211771 348774
153311 346068
147476 352247
206865 350306
181576 373872
180762 385748
213611 347969
152448 348064
212319 350093
179031 384456
155799 354358
147218 353184
484023 352626
216906 350566
150447 347706
150371 350353
175966 380207
154829 353747
212193 347141
183399 378689
530336 307668
179254 378373
178922 380336
147022 348674
204543 349831
212721 350053
178574 382441
542195 393230
179337 378878
178918 376840
178921 378613
211540 350642
181069 379465
211034 344148
454464 402417
206855 346841
141890 358668
210277 349174
152557 354792
184640 376663
147951 357430
146462 350434
208848 353014
182989 373251
152218 352477
148881 346518
153269 346827
153565 351410
537533 404514
179596 376478
446259 408410
179996 383676
147596 346857
152809 356672
212742 350992
181169 385788
179287 373076
553645 303197
205660 348913
208262 350855
146195 345711
208012 345540
207592 349147
180217 385235
208115 352832
148967 350163
210286 348455
207573 353958
176212 386469
207042 356191
150885 348294
146434 345575
149470 353048
213055 351568
209063 349865
206921 352947
151937 349070
153929 346706
208342 349243
210737 349507
210179 348241
154751 354339
147974 348596
206447 352398
155937 353852
209953 349805
145409 349719
205663 352788
213662 348299
149118 348219
153075 356340
151961 350514
209768 352661
215172 351756
147325 350758
180253 378213
216009 346276
210730 348522
210925 349401
150543 349509
177932 377528
211247 351617
150869 353004
178625 380262
148404 354003
150632 354423
176386 378457
443540 319516
145566 348412
147282 357493
181504 379518
151199 351882
177255 375434
541409 408787
180173 374375
210562 343400
208356 350273
152556 342884
207787 352605
148539 346193
214135 353903
176578 378367
207979 350262
147784 349123
148607 347063
207168 349470
146393 352755
182196 385354
150347 350517
186163 381386
211217 353169
183730 381748
208733 349692
182503 384350
153221 351779
152521 348447
153331 352337
206554 346114
212843 351117
181049 381786
208740 351850
183986 375944
208860 349863
207615 350688
152513 348640
432272 409459
211872 346385
177889 378829
205760 348904
206168 349423
150172 353486
154543 352568
178111 378304
208645 348871
174209 376446
219493 346711
209556 347521
152269 350301
215007 351452
212669 351605
151028 355250
209637 352825
544466 296806
208412 354014
174389 373843
178118 377298
180585 381944
161289 354379
148163 350357
150437 344871
208655 347546
216293 350679
210498 344830
149502 346438
208311 353882
176559 384192
536767 397643
181193 381187
177688 376189
149045 352742
157479 347626
179307 383320
178122 379432
149761 349256
208541 355412
213317 348545
208169 344556
179926 379717
147030 351202
529824 306461
202701 344655
540637 298416
178620 380866
148986 346692
212528 350596
149394 354046
209723 350521
154985 350602
541950 309198
178595 381053
147139 352725
212093 350555
147107 353204
149260 349307
151351 352942
179352 378695
177705 376705
178575 380532
207641 348920
152130 352952
150305 346449
150103 354435
151928 344887
140421 352047
156572 345437
151503 354309
182810 376230
146007 347020
145547 350673
181856 378104
150162 348777
177320 379005
150401 345111
207730 347436
207506 346426
208052 346130
210373 354044
211204 350405
214785 353500
209992 353754
147296 353287
209526 346399
177055 384293
177690 378609
214140 350891
156483 351090
183413 378662
152503 348491
147604 349051
151883 347290
215065 346778
211406 346370
211896 351566
148816 348060
148011 351577
153568 352498
442343 397326
208668 348032
178170 380270
151477 350083
213407 342617
185057 382835
180086 380209
210523 347914
153508 350082
207183 353493
177412 374619
145242 349160
212920 347956
210596 346696
177017 386742
151269 349457
179762 378447
177228 384694
174209 381507
152698 352664
210060 350079
144490 348830
210880 349245
177320 379717
181783 378424
217332 353123
211711 354097
177059 377445
153627 350706
181451 376003
211717 352747
149240 351130
546850 400708
175341 377169
175512 381270
485549 343223
212468 349676
211823 352108
207992 349424
178463 379155
212224 346078
152715 343694
206803 347502
202880 349620
180896 380074
211212 349063
213946 351331
504041 347182
213067 351062
146658 349067
178952 381664
148555 347964
181670 383831
149257 354504
151260 347641
213886 354096
148053 348011
208832 352177
146690 350635
208047 353229
203681 350162
204428 347487
179656 380157
210030 346933
179784 373817
148195 353087
213891 353999
213648 350458
213874 351760
180058 377205
208265 349412
151271 356308
204412 351231
214365 345980
181069 377280
142805 346911
211196 348932
205087 350862
209732 351602
155470 353353
153603 353298
151337 351610
154883 345616
151036 350965
176109 376925
208314 351736
181148 384721
538726 415602
151788 356544
146600 349694
174741 380948
209797 352098
180077 379002
150989 356166
150590 348426
177716 372954
183389 377213
209712 350442
513407 340674
147566 342000
184356 381512
213126 349284
177786 373452
178907 380545
208812 350206
145051 345703
208903 350271
213897 354472
207183 353716
206701 348091
151231 349611
147139 351962
150193 349923
209442 348919
211006 352361
210646 348510
147440 351382
152742 348154
212679 353886
212196 350633
211078 353222
177544 386456
153259 344886
205487 354962
147764 346868
213270 353878
477926 340449
530942 387324
212441 352860
176856 374754
545696 279796
180274 376728
212061 351111
175853 376208
149785 348049
145507 347050
176572 377799
174623 376556
180327 378062
181559 384792
147481 351431
480240 348534
215024 349094
184553 384344
176057 380389
205695 350751
149088 345769
175597 383011
154610 348393
155005 349525
144003 349867
210942 354818
151116 346277
451568 300326
176322 380684
179182 370156
154210 350978
178665 376028
210509 350931
180305 378840
144859 348369
147494 345538
148503 348163
210088 351410
215661 348363
175338 382002
175784 377373
186641 385435
214233 352761
214098 348555
208814 349326
148521 345563
151901 344677
153685 353545
152161 355205
210861 343860
212480 349914
179422 378164
179758 380072
212530 352299
183802 375363
208473 351495
204698 350533
207925 348333
215092 347169
155134 343431
214114 345727
214280 352219
213731 349808
179407 385189
218381 351894
152370 349480
182002 375672
151380 347560
175909 385467
181835 381477
438419 307993
150010 351338
212519 347699
143970 350369
154141 347802
206900 346464
152088 347040
178446 380485
184352 380113
184126 390892
181021 378133
209457 344091
180220 380970
182235 378083
150187 350363
181048 379432
152588 350949
146569 353180
206969 354009
212131 350745
152079 347019
175086 374334
484899 348600
181702 378722
175937 382196
177725 383386
208111 352255
148311 350169
201673 351583
153617 349741
153110 346197
184959 379653
151457 348656
150269 354824
180885 376937
150980 358559
152492 350108
210843 346888
178339 381894
147035 350441
208127 345571
145095 347443
150960 350700
210768 351193
204441 346583
152839 344449
147490 348947
214880 349076
177737 376506
215206 348265
149083 350912
207855 351308
147260 349884
212250 351126
214512 353448
154545 350295
213163 347373
212797 347922
178675 378164
178103 381579
548069 416815
152337 347193
146278 351292
177465 377342
206181 345073
201861 348646
150343 347563
202552 348191
179432 375113
151190 357876
212935 348036
176624 380047
180693 381928
150916 352247
183933 382401
151505 353849
148820 348493
212406 351511
147825 354371
204967 345221
205761 352109
178483 376621
213121 348078
209556 346155
152641 346632
211612 347056
185414 375727
524532 293306
176507 375369
148996 351283
206025 346430
439513 294491
179015 379133
215251 350779
533333 406760
212892 350189
147482 352650
187118 377844
490062 339636
184738 382838
207889 357199
208505 345859
152541 350279
209089 351988
176698 379891
212575 352209
211547 347526
180794 383523
151304 347762
150670 352563
180689 382606
149868 347689
177740 380525
180100 380186
211704 355944
148486 352780
211683 356788
451179 282026
153229 349965
147932 348376
153689 354165
207438 350118
153772 353243
172241 375622
145804 348838
207047 349450
181555 378108
180932 375412
182153 377892
177605 374937
182234 383654
210700 346325
150615 353734
215155 345711
180405 378480
182242 377788
150911 346273
211602 347952
506024 353145
213161 347234
144854 345139
177022 377243
179635 376397
208400 351750
179917 382398
153622 349274
211357 351116
206422 352754
454293 381285
150626 349695
182258 380123
149028 349883
175280 384656
152033 356884
153049 350040
179045 386020
148722 351946
209599 347554
151546 355246
209528 349151
150649 347264
489126 343604
183515 383376
210263 348789
149152 350090
459844 295063
203149 343560
149428 351261
175616 377668
177454 380630
182763 383606
531273 407619
210966 349144
183231 374023
154162 348785
206603 350400
148803 347915
180059 377290
175328 379987
210178 353025
177732 380180
206140 344465
157518 352455
180481 378576
529740 396483
147929 347968
211387 347989
151596 349589
208637 345349
177938 383343
186040 385131
184958 380918
209352 358253
183018 377734
180015 379151
180775 380411
148941 354275
148708 347235
175725 377154
209021 351948
175868 384483
449611 408331
183371 377645
208404 344360
152518 352938
174202 383577
145153 351453
182744 378076
440766 306249
147935 346178
155007 351028
180263 377346
150428 350223
180829 376127
150161 348512
150694 352887
151535 347929
179761 384546
181346 382322
179539 383389
178441 379803
209132 354747
178103 381676
545559 393562
149942 348221
149063 351219
154236 347855
210737 346341
145097 350108
206336 347676
148308 352598
148480 352594
205605 345623
148102 352932
151022 344657
146792 349610
151968 346460
209961 349707
146919 348916
148278 349168
145439 346981
204572 343256
478434 356756
176685 379141
180854 375265
210359 350220
533775 413544
212147 347749
178198 379840
183443 382367
209200 346139
177174 378150
172287 380657
212576 347447
147622 352211
210800 348752
180603 380354
207592 346191
204581 351223
208837 353139
210246 350575
492099 347739
205741 347271
180107 383023
210272 348853
149039 351942
171678 379746
146962 353583
213164 347898
179547 382327
179253 380851
148075 355485
204365 352516
183821 378344
179819 377957
149177 351817
153457 349093
176410 383875
178987 384947
177982 381740
177792 373555
182928 381386
147539 347556
153123 352888
153143 353597
149644 351021
209232 352851
146563 350605
151390 347063
179399 372146
210357 348242
178839 382927
152955 353826
209333 351769
211406 348541
183032 380257
180693 384223
180983 381281
210288 353127
152012 351737
210973 350395
183083 381804
152980 353208
212050 348169
181859 376319
146868 351983
210992 348027
146305 348474
209557 349363
214665 352624
140285 352908
149556 349280
213973 345768
180544 380918
213707 352964
185356 380783
497608 343426
182171 381303
150318 347450
181788 379803
150677 349023
183556 387372
146287 350027
183812 378903
211488 350049
154266 355147
178480 376955
151709 352047
204598 352192
149326 351013
179915 381510
201797 352186
213892 347300
209914 349024
148192 341509
181236 374534
151314 353793
180740 381009
145525 352789
211983 352325
174677 373690
205467 348826
213702 354022
175924 387286
152786 349454
214277 346803
182296 388428
208092 350489
180129 383970
549198 395908
154354 350160
149383 347865
184480 380113
212151 352926
183438 377078
155173 354853
209348 346701
183286 384425
207372 351273
176863 375887
152294 355089
152338 348302
147632 349999
203407 353486
184097 376102
140689 347871
181990 380837
211556 346991
147236 352129
147693 352894
152610 351927
181084 376562
149504 347755
216001 347116
146045 347394
207999 350430
207536 352603
149960 354123
209527 352180
178890 382088
177092 372248
153282 348739
207204 352352
213087 346397
149447 348927
150375 352361
208143 357194
155866 350467
177123 378465
177602 379194
148518 345574
214621 344751
542455 407925
206530 349147
180284 376333
207110 349940
205923 353527
185459 381719
150327 354726
180276 377675
177780 384095
178410 383707
142332 348638
206063 344397
178652 386406
208202 347869
184871 382662
211727 346468
150579 350225
151308 349981
147936 349677
182035 384049
179764 380311
181237 383024
186643 379300
151265 350103
183970 379307
181954 381320
178522 375579
180229 382326
178929 382820
180574 380002
444838 303093
177743 379021
149054 344256
182149 383805
154482 351351
177904 374261
496315 353783
152376 348179
211113 346108
151143 349099
206744 351191
152726 349691
174574 380598
549251 400034
183928 380489
154649 353248
209453 349018
212435 346033
151676 347374
204331 353916
179606 383334
215824 352459
151929 352829
154711 359310
203042 352035
211631 350004
151602 352674
152612 350579
182526 381930
151454 355136
206544 352747
208119 348634
150381 350786
204273 351582
175755 378190
149903 346611
205966 348625
153083 352805
177374 377676
182973 378041
181795 381504
205962 344840
150162 352116
180524 378316
180378 379460
148387 349582
154500 352267
181992 377608
213330 346922
184427 381555
183932 377009
180875 385076
451578 298914
147396 353889
448515 297374
209816 352257
183191 376421
202231 342346
181226 378732
149482 346202
184052 382505
208211 353389
150219 347316
483030 357571
211646 348010
152171 354835
545013 311212
183857 377247
180798 378553
150359 351326
208335 351526
154363 356450
183163 375516
206746 350893
150119 346643
440330 303495
177107 384240
152726 349144
149605 352102
154156 356040
176489 379374
210914 347340
145443 351598
181093 380642
180454 378002
210400 349904
449910 389150
181753 383125
184584 379157
208007 347230
155169 352072
184134 376776
179283 382894
178657 378030
147381 353000
178252 378752
151130 346218
209050 347275
211933 352142
204092 345486
146993 346001
202620 347720
178494 378879
153016 349079
210449 351333
151722 351263
428736 400383
439804 300978
177191 378020
178700 379890
208689 347831
207773 352281
153713 351904
541021 414292
552022 396811
208934 345897
176214 378594
211509 349029
153778 349624
181597 379639
428361 300762
181957 384523
182501 377325
178251 378488
210091 346218
183721 381365
213786 347714
209195 349954
152268 349032
181377 376567
213185 348216
180258 380396
150213 351315
206420 350407
208968 351163
151820 348242
149463 351893
144816 353172
181740 387488
209575 348759
155319 348017
186074 377737
436957 284511
177329 382489
209276 349433
210562 349702
152712 348175
181928 387217
147207 349292
177358 378211
210644 348980
146026 349543
180896 379777
177454 377783
178017 376422
180227 373395
148076 350714
150467 348657
147290 345844
182337 379059
179538 376693
152490 350653
146451 351520
212213 342906
182938 385011
441706 308450
173983 382587
212015 348744
150577 351009
217086 349296
152979 350159
207293 352439
215156 351802
209086 349496
149733 350108
211795 350752
150279 354468
148510 350979
155413 348247
544987 406896
181922 380347
207256 344085
147316 351546
177985 382958
177973 383496
209815 352822
181716 376640
178117 378412
538412 410694
149538 352449
210870 348890
213935 351025
213716 353145
142539 351642
214480 350807
145813 349461
208141 346658
150853 353181
149172 351698
445490 403420
207734 348645
209081 350855
447411 400313
177474 382914
182718 380740
213094 354483
211494 349791
206956 353037
173148 381690
181828 382095
177803 381058
184072 370719
445365 383826
151102 351293
145731 349498
554611 305859
176380 381557
207764 348095
532754 300348
180607 382249
184474 383250
209491 344359
181676 379568
210169 351646
212179 351187
210661 353585
145594 352369
208614 353981
176284 377854
153623 355121
211715 342401
212879 348218
211019 351172
153900 353609
179386 377152
490076 338149
145874 346960
179207 378355
209199 354110
150777 353500
210847 351398
150573 355700
210564 348807
205368 348624
204619 349337
178139 383854
178954 379469
149747 347106
147359 354136
150115 351759
187138 376837
495052 331958
151034 351918
209965 346100
180745 384382
178635 380278
487658 358781
148302 350931
177734 381518
181705 377466
215385 353753
181409 372573
456043 410937
214949 348315
211186 351324
213985 348478
183486 379175
179607 378847
184795 377263
206358 343371
210520 346523
151004 341031
206806 354057
151428 347558
210797 348579
175819 381037
173454 376610
182762 384219
210123 350579
214523 349549
444918 394658
153628 352465
212071 354567
212007 354337
209642 351870
149467 351901
149801 344384
205932 346296
181696 380765
175817 379046
183647 378955
180966 378299
540893 298842
148426 347210
219057 357608
208479 347684
181669 378992
178520 380031
434103 276164
178794 382073
150356 351975
181156 379906
178319 379780
174418 380928
153774 343760
146346 351052
180744 378922
180079 384014
176235 376517
437267 296718
184369 383648
210679 351960
215262 350110
210692 349861
209103 345872
152477 356984
211741 349191
214293 348896
205129 357059
182007 380273
177954 377726
148517 349970
151280 353718
174522 378168
151898 348496
533990 413526
209903 350398
547167 301969
181622 382717
208522 352237
205895 347427
183352 381126
210374 357670
150675 352610
213398 350837
183456 382425
178345 383068
179594 379286
150561 350402
425272 392774
210591 352259
206627 349393
548610 306857
487611 354577
150762 356105
149588 353084
153477 349557
536214 318465
212190 350198
155076 346341
184708 382474
150829 350119
209357 345260
172261 379039
210039 350099
211487 354243
213710 351319
432460 401362
206087 354580
204357 347828
574088 396603
209397 346028
211129 350176
211114 350369
149957 346723
215076 350571
177237 381114
180093 381569
177041 380308
176813 377601
422151 305040
149852 348411
215150 351311
178978 384125
152457 351166
440561 315552
150891 349091
182120 378918
147177 344303
179037 378466
176627 378142
212115 353890
211024 351425
182813 379256
147059 351941
173724 377420
149733 350853
208355 343387
209161 349632
205095 344864
442797 400662
180978 379700
211952 349089
443752 440940
210496 352357
210922 350283
209255 354115
211321 343572
146674 348144
187499 382992
208390 346630
147480 351695
175886 380119
179427 379874
211013 351853
178043 379230
210991 354897
152610 351284
214924 348361
145694 349249
180464 376711
529665 410480
182766 381528
207412 349887
180953 378503
175234 381330
150773 348269
212397 351881
153287 349967
178600 381921
203850 347887
176791 377797
547221 307236
178669 379759
203401 341429
535731 305347
150499 350657
153276 349916
215317 356814
530296 274547
442235 393106
211766 352278
213455 352267
212778 347551
213628 352526
154099 351239
207475 347246
442065 397978
151864 344216
209749 346645
207620 348418
206791 344756
159196 345163
179180 381872
175956 376696
149192 352894
174928 381781
210029 357638
174448 377707
181680 380847
178880 374153
148924 352498
151552 349255
211561 351082
212218 349338
182297 386614
208425 346465
176777 378544
151842 355016
181420 377778
208739 354798
182803 378466
186768 383991
212340 347369
150947 345974
206027 352712
496542 353023
150059 345407
206562 351972
150272 355889
205821 349598
210945 345847
182452 382365
144466 349296
210688 350829
182252 379548
182400 376604
180410 385268
177724 385281
202884 347322
211680 344771
501783 335348
211592 348377
205969 353643
210652 348961
210182 353134
211844 351147
177519 376613
210695 345308
210585 348700
212361 355183
441073 278586
186187 381336
149510 349831
211470 344622
154549 356725
207790 347808
206599 347699
149798 352092
149839 353250
212595 345461
211356 347943
177870 378602
175835 379189
178452 381282
215361 346103
147423 342766
154949 351673
210782 353571
211047 348421
150878 356441
151619 346636
412731 287774
208442 350337
184484 382528
152029 354824
213871 345668
177963 378462
184290 381639
155877 354501
145266 344341
180728 379561
208442 348466
181358 380466
180924 373408
180522 379243
147503 350181
151108 352795
184852 379784
181785 383340
213867 349030
183110 384566
214196 351143
214834 347794
210031 354765
215170 349892
152500 353920
148470 349842
208900 345718
187294 387784
210083 350581
553941 299152
181724 381573
212346 348502
151898 352289
491801 359322
206870 352755
147877 351298
178759 378859
173881 380965
184970 379998
179217 382538
147345 354087
176503 383987
149209 348391
186395 383158
150321 349571
210018 350123
183847 379681
209807 346709
205233 347663
179865 382240
184038 382485
174948 381423
178224 378130
148734 345632
436771 306958
180826 383090
178640 380674
542205 396276
542037 400540
182159 378589
207889 349574
148126 352851
177523 379936
177278 380162
182402 383838
212556 346226
212077 350207
180429 380916
212621 345300
146065 349903
215256 351964
207449 354123
215041 353796
180872 383911
216649 355667
210505 353048
145696 348101
149307 351817
502093 346074
174989 376848
150570 356280
211358 349936
206553 354456
148650 347596
205861 355457
211259 348931
149517 352003
144140 355048
208944 345609
206307 348438
152701 354789
538741 310933
208949 349672
181943 384668
148019 350702
179828 385561
206885 347512
147001 348153
146620 347645
149386 347218
148044 348406
149107 348196
148120 353625
181655 374683
153002 353275
180626 378995
205944 350287
212037 354562
178687 380636
180733 383340
180270 380598
207861 348633
183273 378830
179793 382176
181533 381752
214366 350739
184237 380726
153770 349313
179134 378860
176255 381064
213576 350669
146833 348349
182032 380491
209473 350501
179375 372835
148689 348850
211914 347710
148158 354668
431363 275182
177914 373967
508804 351601
210296 345457
178448 379228
179878 377803
210753 351191
180828 380215
209056 352551
176580 376032
178173 380460
147461 349708
172691 377873
146349 345838
179342 372910
209885 346072
217801 344127
178093 379816
147553 348123
213740 352020
207591 348121
180046 378813
183346 377204
149168 352535
178044 371317
180857 380936
212222 348975
181156 389839
186568 383366
213870 352925
147192 345695
149343 351076
148408 343461
543472 303300
206539 353731
183981 377831
209657 349212
151921 353932
183568 384044
207573 351818
147439 348769
147036 349622
151817 349711
152102 352583
207220 345997
209526 347928
210265 349196
516048 397263
523026 400514
153783 354629
143512 345629
178082 378234
181113 380694
216188 358180
209518 350051
145158 346255
453769 375038
146141 347037
208998 348911
213116 348975
178611 378186
153002 355877
185863 382137
179338 377336
207613 347358
149895 349235
210754 352973
154308 345071
203274 350040
149282 345026
177304 378268
212002 350936
148134 351944
209918 352609
178697 372390
541505 396456
532313 388990
145519 349363
146935 350056
180502 380402
181921 377224
145532 353160
145753 354457
211595 348578
148406 353721
177706 376519
212719 350889
203883 351908
180335 385151
212629 352893
209078 349595
210220 347870
210454 345873
182544 379223
209031 345789
210356 354977
212732 348625
151049 347414
212287 348988
214762 348603
155380 348392
152940 347184
143067 346641
152554 351248
206154 354996
180268 376635
209143 348800
181173 385523
184877 376818
181101 382214
540139 405467
179586 383463
182596 381607
447887 420362
211044 347441
178197 376795
210159 347437
180127 376660
210375 351755
178884 376174
179544 380758
149097 350267
181450 385463
177890 385675
176637 380313
211240 345621
213220 349517
203804 346795
178319 382210
176731 383630
180823 381211
211058 350202
431073 294185
152269 354966
151473 354870
184010 377965
180444 384394
549760 408823
187263 380644
182174 378059
175359 383118
211484 352923
176737 374645
151749 349830
148137 348506
525797 400407
214685 354059
212712 352912
154333 352207
213483 353082
147678 351441
145051 350813
207970 356516
178899 380152
180889 377582
216155 346452
143462 351193
177907 376148
151749 354156
148092 346038
149093 348095
180725 379993
181175 376243
175832 380618
151372 349837
151574 351428
176740 381638
180601 374628
181354 376272
210976 344500
152260 350394
205722 347625
179915 379254
156047 347519
205600 356155
146293 344818
150560 349773
205346 349951
182682 378544
149191 351319
150432 346629
206006 353736
212045 348162
152922 350036
539492 309897
185530 381205
149130 351190
150971 342203
150840 351902
149106 351607
147564 344712
210632 350387
180949 381945
150392 345255
211961 354094
177689 383676
178552 374149
180189 383348
183522 383648
207963 350315
150639 352104
152160 353480
206482 352868
438688 307310
204770 347464
205277 353480
180179 380258
546819 308207
151306 350512
444286 304612
147154 348696
149802 349446
152561 355348
178347 379816
183028 378556
148582 349508
150976 356572
179914 383685
149602 343837
177311 382910
158027 346073
179672 377932
152091 346579
157629 351915
212869 351819
182433 378769
148538 351875
207653 346930
176626 379796
209546 354718
211849 351220
181582 379377
180896 380520
182058 386063
145305 353290
155487 351150
213035 349481
181485 378777
206343 350217
207850 344951
179412 386302
207354 346309
490364 337140
145237 350558
151429 349974
207015 352907
212706 347369
207474 353114
205922 352244
183789 381049
444614 383013
143799 349452
176423 381752
210962 352219
147705 345742
205902 350670
147126 349536
210981 351138
444311 295202
206844 350324
150746 351401
149262 354184
184268 383628
151742 354522
178463 375233
181176 383308
155623 354479
210360 348661
451412 295370
185066 374297
144922 352479
211498 347863
152846 352202
205871 349982
210216 351046
212390 351574
153227 355403
149250 352406
209872 347023
177797 378333
150112 349288
174869 380917
181061 381466
189722 375801
434570 392674
183795 383238
211906 344448
213324 348765
177900 377136
157050 353099
183301 377730
149905 349644
149972 356460
213026 349548
151585 352103
187412 377936
145773 350643
156146 350320
147169 347226
145965 344010
151711 348918
146193 347097
146025 354691
178352 379316
150427 348606
471224 414076
151990 348819
179870 378548
150619 353894
151283 350997
148454 344328
151756 354287
178912 377089
209756 346710
150295 347822
148579 350348
144325 349614
151772 347571
207385 347382
538990 412773
139779 349293
205489 350374
182288 383007
184033 377686
158814 350557
177202 381328
181724 378489
185929 381674
178559 380522
212764 352059
205380 349584
181682 384046
214539 358660
214223 346103
147751 355102
144588 348394
181371 374638
208976 346766
175184 379882
209521 348090
151396 345969
177251 379460
174123 380705
186046 377141
454578 298751
145211 347118
148987 345750
183226 375422
181414 375284
211255 349068
207942 353972
212576 351712
209397 348132
178191 375305
204641 345111
157508 348864
213217 349275
187296 378327
175556 379474
181703 374720
150566 347743
152022 344558
174698 379390
210661 347876
492576 360553
184642 377116
211878 347354
545048 308998
154850 351812
215399 347620
142857 352716
181761 374985
207047 345972
216433 346531
178542 376967
177127 380935
210062 349777
175694 381717
175987 385764
181463 381784
179947 379529
143238 349025
535979 290279
148028 347951
211592 349777
144893 355414
204437 352241
180383 382955
177597 377550
156335 346980
184278 381453
173405 380247
436951 305651
203904 349914
180001 379545
153039 346011
440044 305056
212096 350869
150073 346498
154443 349613
209488 353997
206078 349355
156722 351608
537388 304487
180919 376247
212355 357916
151491 353047
211570 351706
143962 352437
146546 350171
208921 348572
148614 351238
143586 353310
490997 362968
149579 348030
207688 355706
207511 351425
206957 350913
182887 379434
175739 376180
509272 338191
209713 352105
183110 382247
150247 349997
149353 350987
206408 350056
177255 380553
206359 347170
177465 380970
153523 355921
183785 381415
178798 379843
149522 345248
209269 350053
178667 378854
208198 349189
174621 378937
214893 340833
181843 381116
180761 375227
151838 349011
183231 381726
182445 384024
213958 351230
183399 381978
151644 350672
208264 351275
143606 346458
211297 353711
184034 375724
149751 349769
149908 351493
215026 350487
147869 349798
178172 380621
154053 349382
177594 382458
209897 351030
151792 347210
149133 345863
207978 347867
208392 346665
177692 379808
152310 348559
149583 355621
183171 383147
148419 344457
179123 377016
181034 382355
174273 381717
147940 349772
148986 345431
180284 376085
208624 354546
151649 355646
206139 350312
154284 354530
151980 352716
186865 378415
151346 350238
181011 381941
213269 355789
535900 299644
206126 347276
178990 382860
208245 351226
180382 385297
208223 349516
213232 345472
181691 376820
209858 348843
205619 348244
152261 351575
147173 347000
214335 350226
182123 376610
150775 355670
181707 381196
178693 378466
552133 297675
146182 350827
146458 352911
150779 350521
180099 376489
148900 348114
184774 381139
152881 354078
151665 356262
151781 347642
181379 381276
179134 378732
443401 305972
149776 347623
158820 349131
153708 350229
425084 407566
175962 380839
211890 349145
171575 375846
183000 384610
176225 376868
149589 350469
184498 379581
146367 343134
150893 345974
207411 351522
178613 379804
211264 353510
151985 353649
182391 378686
151055 350869
205696 346909
491708 349434
156907 355218
211744 348220
180423 381519
180128 376190
155021 354360
204371 351825
179229 383870
490240 349365
210300 347505
180870 376737
180875 381737
176149 380824
181868 376845
438803 396523
211020 354896
212047 348761
177916 374878
180335 387465
208559 350247
150617 349514
209778 352725
213353 352895
175546 379836
150282 354133
178849 383411
181236 379206
151327 347861
148909 353322
212069 356722
213269 355028
547073 304750
499413 339178
208069 354526
218717 348238
209197 354791
213131 345825
210489 349139
210187 353232
207146 351927
183621 375387
204952 356066
181460 379229
216056 343306
215436 350062
443706 307136
153422 353325
207811 348367
149224 352205
207959 343760
208354 347296
148580 352559
208690 349322
177483 379007
182885 380008
150096 347047
153107 344100
146637 345184
150055 352478
150873 344212
180319 377846
207664 346166
181244 376767
211001 347302
152879 345405
150334 346370
180108 380767
208008 344881
184237 377342
177502 375843
151709 354574
179396 379555
176867 383380
180504 382243
532875 304571
150317 349855
209494 350056
209047 346873
441729 421346
206284 352655
151217 349032
148661 349543
186111 381086
180956 378593
146961 349768
151239 351399
182614 385126
152287 348971
207125 355404
150999 345632
440743 390173
209701 347813
210223 350512
179673 379873
153422 354562
214244 348438
148232 346591
158238 349208
211253 354290
211718 343592
178769 377872
185929 379452
211172 350753
179314 381283
149211 355547
540005 388075
210907 351879
181835 380486
149048 349153
182924 376625
179514 377217
147807 357063
179630 375883
180873 376398
206901 353322
146126 349992
149024 351587
184975 379710
174554 377953
212124 344906
144465 352617
174172 378395
210386 352385
151593 349217
215909 350713
184201 383807
507029 353531
149488 353706
176172 380614
173608 375615
149154 348408
208584 345722
173641 384157
178647 379147
173516 372370
150682 354638
180286 379426
202517 344865
147230 352994
178268 378086
540706 292970
149326 349905
452682 398918
146601 345318
204077 351250
202287 351420
183642 378350
215473 356578
208358 348138
150973 344975
153503 347142
208952 349969
178789 376361
151824 350835
210237 356685
178217 388114
148755 350823
149528 352909
431592 397787
207752 350850
178194 383148
175447 381298
436404 408471
507296 351560
177669 380669
182938 376672
151278 350876
152513 351329
208979 352658
176301 372798
146696 349286
149819 351051
151277 349506
180363 379804
212180 349792
186688 382033
152117 352378
172979 382657
149030 348476
208814 348819
182251 377297
214241 348978
209609 349348
176359 379179
149063 349345
207990 347790
185945 380573
179578 380882
207044 349367
208712 349064
210222 342448
145283 349950
210393 346223
210037 344261
183518 381446
178617 374104
149991 351429
213080 348764
553095 316844
186042 382430
143568 342595
492279 350885
181390 384814
180318 377440
207957 351530
183973 384185
149374 346913
211075 351172
150485 344842
178720 380084
146817 352536
147120 346571
211629 346480
152641 348197
152518 345770
176291 383976
148653 352141
177312 381402
539850 304557
213138 353257
179616 382020
534196 386376
213919 346343
143928 348267
206705 346747
172345 376601
210804 349576
152366 351788
213288 346499
213621 352256
149211 349989
213752 347050
182430 376225
147298 350113
148649 351633
145842 354910
151710 352598
143033 350008
178272 379556
210428 348357
152376 354940
150240 350666
176186 378991
206679 349232
180539 376813
446232 398472
151238 350880
211550 352025
526674 391209
144718 348717
144162 347425
176770 380350
151977 355871
146165 346763
182604 381674
209292 346185
150572 348263
153254 351800
209689 351538
207476 346835
182980 385704
531429 402722
147269 357194
179996 382908
522593 390912
209577 352209
177814 379706
150253 344940
151848 350979
179613 384122
208121 357338
212714 351545
150071 356147
529977 414907
149352 342567
208888 344078
149077 349621
152175 349192
147430 350783
157043 348882
429948 298106
150491 352233
209207 346824
215130 350685
182948 379141
181077 378176
177328 380371
508293 360268
214406 344996
177331 379088
151099 355843
183718 379230
205449 346190
150129 355124
178966 379385
207982 349739
149890 350677
210298 350012
209272 345328
179966 386604
155235 348859
151311 352239
207766 351493
182724 382643
208978 350955
149102 350183
145093 346544
155333 347357
208977 350463
208745 345338
179018 380015
183514 379064
179404 376774
173100 379599
147019 355298
152266 352374
435722 299619
152046 347165
433808 293791
544431 314609
155735 357248
209751 346477
215617 346529
150572 349649
209242 347742
181200 382430
208585 356232
184315 381549
182173 377027
433423 401663
540388 292369
150943 353612
210477 354315
177300 372787
179872 377761
208161 350610
205764 343634
152460 353001
553820 409909
181997 383933
214431 351498
182032 381569
209974 352267
143361 345638
152579 346939
211173 344836
148403 352765
153316 349948
178884 377616
146528 348468
207552 350420
148704 350445
209774 356169
540475 404657
150909 354058
457920 289250
150527 353841
213096 349083
181520 378035
450498 295321
210755 351068
206234 346714
185162 380201
533416 406238
153912 348213
181187 383838
213215 354717
181486 377445
544441 407292
151330 354605
150226 345345
184351 381207
210051 356384
209647 355706
143512 353106
178120 381955
149143 351492
208636 348083
159597 355339
180736 384084
146774 347353
151587 345452
181248 378647
208469 348299
209557 353913
178708 377921
154361 349889
453774 398237
182839 379913
175924 380507
178828 382667
182660 380664
176934 376164
209485 353443
177972 380593
214516 347090
150048 351408
149229 353880
173760 381285
211713 348991
147538 350639
205033 341906
176991 380110
153203 347342
177980 382637
205415 354021
146479 352222
179972 383591
208505 356123
180634 374790
181298 383024
537013 296093
215486 349556
179029 381007
179767 381541
209640 347770
210250 351970
144888 351136
209494 354595
540383 298624
217976 353020
207509 349141
180105 380073
545242 289462
175441 381222
177236 381025
212649 349496
213789 347405
210287 353797
148764 353588
172742 378192
178321 378479
149877 351033
143701 351947
150877 351808
147262 349542
147369 354485
517210 290926
203587 346503
147371 352034
207991 353249
152420 343719
206195 345384
209871 347038
215734 355476
180622 371414
172868 376999
208904 351728
206924 347641
177690 377089
179026 379522
159988 351695
533031 396667
176562 379528
209052 347593
187524 377786
151549 351968
213660 355480
179299 381069
450842 395692
539275 378966
210764 354558
209541 348613
176625 381391
184577 378161
149849 347138
179949 380978
147023 347939
178848 377790
210024 352870
209874 352049
212256 351571
211122 350016
211050 345378
210834 348621
151175 345065
145205 350833
428154 422509
153255 354315
181335 387551
174680 385480
498284 365430
143064 349663
206574 355065
203549 353624
148184 350866
207556 353559
181580 380017
532908 398756
185555 380154
177688 376238
212483 352479
213972 349904
180188 378381
206211 352046
181907 380638
180532 382199
430448 309617
208581 351651
204256 346958
181551 381758
555976 314920
180555 371452
150674 350808
152660 356708
148640 352306
211653 352872
181828 378701
157705 351738
151016 348494
183615 373554
153805 347010
211732 342510
178641 378047
211095 353651
183461 376818
180608 377632
183038 382460
152123 348751
148136 346650
145523 347356
210679 355092
179809 379659
149282 346286
209508 347514
147294 344401
541736 386293
213293 347881
150153 346386
146701 357646
204020 349817
205428 353319
209757 348585
183372 380846
177382 382277
149978 354997
174691 378663
178379 383728
178369 381085
183041 379009
175977 379744
208607 351819
178914 381369
147898 349446
153772 347682
184500 380255
174623 379192
155633 350513
206823 351562
150689 350761
212203 355129
146457 349073
176545 379562
179271 379866
213317 349551
142104 352045
181971 382669
209389 349016
549058 294530
152063 354600
211596 347804
151034 349507
209688 350280
208533 354510
208036 353037
149137 353807
427135 400463
149734 348177
183719 372585
206092 352643
212034 346887
177950 379888
174739 374655
212305 353597
148281 347066
153476 345743
501372 355195
181274 378068
208580 352983
147210 353655
175667 384456
151700 351102
211701 347054
177779 381748
203896 346739
153245 354152
212711 350685
152940 356208
213150 348914
150685 350710
211958 347855
181122 384286
208521 354549
148054 346922
177919 377139
534735 310598
179318 380566
208080 350325
184711 377417
183375 383634
177716 371500
179817 382596
207695 349853
150746 350247
181968 385671
210067 344922
155155 350195
185621 380831
177347 379024
208558 352243
150835 354083
209507 348134
153771 348558
207399 351018
185170 378634
148090 352348
214037 345310
148614 350208
208703 350831
207134 351113
214380 348257
181054 375228
180971 381814
145127 350320
207098 349420
207506 352953
151005 346751
211666 351612
178559 385149
149717 351878
175349 381634
149193 351500
210254 348201
204595 355571
178951 378712
208709 351981
183888 382039
146866 343389
177920 378049
178425 382810
177647 374868
179414 385747
152116 350797
212460 350151
145502 347577
214233 356824
177834 383045
211076 350135
148049 355655
211367 353915
146988 352718
185288 376641
171456 373279
553037 406494
179681 382225
177521 382756
182625 377797
207984 356520
186645 380959
531377 406271
143284 352631
209512 350138
181127 377326
182308 380671
183192 377046
205935 350658
211415 349665
148394 344847
428834 406756
148194 348353
207872 349181
210065 353092
529223 297516
497397 375702
179905 379621
211221 350313
522535 295709
142577 349858
152852 347466
146670 345195
209926 341902
209418 347884
145026 350060
155123 350022
157103 350885
207783 345676
212985 344870
179525 383143
178646 378605
146330 356281
152387 342512
433333 386503
184940 377832
205251 346424
548784 284507
153272 347661
206778 351474
212557 346826
176146 382645
151444 353315
179395 377479
178275 374748
211619 346432
176380 380082
210047 351901
184977 375075
150533 347317
151391 349519
181904 382592
180592 383437
147492 357018
145820 350487
209950 351538
149840 353281
540569 293904
214045 349969
151250 350938
148778 352573
209691 351008
208695 343704
202591 354189
209145 353928
178439 378777
207905 344678
208419 348348
214679 349347
188254 385391
214351 353882
149939 352731
153926 345396
180708 383773
209235 346328
209911 349059
156356 351374
545301 286923
178014 376971
208950 356705
184973 378613
147669 356894
208802 352705
551269 313208
534946 391969
178086 380606
151107 350758
176280 381270
177106 378884
148401 350555
174259 381431
206300 340960
451408 304435
211839 347646
207197 351436
204955 351225
210999 353897
160776 352264
149970 349139
178170 379980
182648 378820
208397 352851
180354 375606
209450 351464
212721 349864
177803 375227
178929 374993
179051 383324
207359 349216
150455 348231
210885 350228
150852 344860
174522 378911
209898 351701
182820 381997
208136 353023
210877 347721
154055 345989
150166 351696
151710 347781
146871 351747
207762 349112
211507 341698
147349 350469
183955 375380
180913 380979
184281 381301
214516 349980
211893 347215
147911 352741
211462 351571
153360 351458
207539 352054
531740 313521
179994 381177
213016 353558
149059 352405
177883 373661
182801 382720
177609 379177
209100 345922
207929 350779
178441 378710
211950 350975
179596 379520
180258 381098
177609 374927
152203 353079
178782 380829
205674 351986
149121 352584
151747 351738
177649 385280
181396 383017
154455 351239
215472 349801
188511 382882
176269 377240
210638 349641
148882 350187
142973 348321
147540 350405
205620 349756
207167 350804
177365 380370
205615 354020
208683 349078
443106 302107
210603 350987
181105 383522
436663 378782
179040 382004
