400.0 1900.0 2300.0
500.0 1050.0 2300.0
600.0 2100.0 2650.0
350.0 1100.0 2500.0
300.0 2200.0 2800.0
350.0 2500.0 3200.0
700.0 1200.0 2100.0
450.0 1800.0 2600.0
300.0 2100.0 2700.0
300.0 2400.0 3100.0
300.0 2000.0 2600.0
500.0 1000.0 2300.0
450.0 1800.0 2400.0
650.0 1850.0 2600.0
400.0 2100.0 2500.0
400.0 2100.0 2500.0
400.0 1750.0 2450.0
500.0 1450.0 2400.0
300.0 900.0 2500.0
300.0 2400.0 3000.0
300.0 2350.0 2800.0
450.0 1150.0 2500.0
500.0 1900.0 2250.0
300.0 2400.0 3150.0
300.0 2400.0 3100.0
500.0 1000.0 2720.0
300.0 2100.0 2600.0
500.0 1050.0 2720.0
450.0 1900.0 2400.0
600.0 1800.0 2300.0
450.0 2300.0 3000.0
350.0 2200.0 2700.0
450.0 1200.0 2700.0
750.0 1300.0 2200.0
350.0 1800.0 2600.0
300.0 2400.0 3100.0
700.0 1600.0 2700.0
800.0 1200.0 2200.0
750.0 1300.0 2500.0
300.0 1000.0 2400.0
300.0 2200.0 2700.0
300.0 2100.0 2500.0
550.0 1350.0 2200.0
350.0 950.0 2700.0
400.0 1300.0 2500.0
400.0 2250.0 2700.0
450.0 2250.0 2900.0
500.0 1550.0 2200.0
300.0 2250.0 3080.0
500.0 2000.0 2400.0
500.0 2000.0 2500.0
450.0 1000.0 2350.0
600.0 2100.0 2650.0
750.0 1200.0 2200.0
600.0 1800.0 2800.0
400.0 900.0 2300.0
700.0 1250.0 2150.0
500.0 1000.0 2900.0
350.0 1100.0 2700.0
550.0 2100.0 2700.0
350.0 1000.0 2500.0
350.0 2300.0 2700.0
300.0 1000.0 2600.0
450.0 1650.0 2400.0
550.0 1000.0 2500.0
350.0 1150.0 2300.0
750.0 1300.0 2300.0
550.0 1800.0 2600.0
450.0 1400.0 2500.0
400.0 1000.0 2700.0
300.0 900.0 2400.0
500.0 1650.0 2500.0
750.0 1250.0 2200.0
500.0 1500.0 2400.0
500.0 1200.0 2300.0
550.0 2000.0 2600.0
550.0 1600.0 2600.0
400.0 1000.0 2300.0
500.0 2150.0 2700.0
400.0 1800.0 2500.0
600.0 2150.0 3050.0
400.0 2250.0 2700.0
400.0 1000.0 2200.0
600.0 1800.0 2500.0
550.0 1300.0 2300.0
550.0 1400.0 2550.0
500.0 1000.0 2750.0
400.0 1050.0 2700.0
450.0 1100.0 2300.0
350.0 1900.0 2500.0
350.0 900.0 2630.0
300.0 2050.0 2600.0
300.0 1900.0 2700.0
550.0 1700.0 2600.0
500.0 2000.0 2500.0
400.0 1200.0 2400.0
400.0 2200.0 2600.0
650.0 1200.0 2300.0
300.0 900.0 2700.0
600.0 1400.0 2600.0
700.0 1200.0 2200.0
500.0 2000.0 2700.0
300.0 2150.0 2970.0
750.0 1250.0 2400.0
400.0 1100.0 2300.0
550.0 1200.0 2500.0
650.0 1850.0 2700.0
400.0 2300.0 2970.0
300.0 2100.0 2500.0
600.0 1850.0 2500.0
350.0 2200.0 2970.0
500.0 2400.0 2900.0
450.0 1200.0 2300.0
300.0 2400.0 3080.0
350.0 2250.0 2800.0
550.0 1500.0 2300.0
350.0 1100.0 2700.0
350.0 2200.0 2970.0
350.0 900.0 2400.0
300.0 2350.0 3000.0
700.0 1300.0 2200.0
450.0 1250.0 2850.0
650.0 1850.0 2700.0
600.0 1600.0 2600.0
500.0 900.0 2800.0
400.0 1550.0 2400.0
300.0 2100.0 2500.0
450.0 1000.0 2300.0
600.0 1800.0 2600.0
500.0 1200.0 2300.0
400.0 2000.0 2600.0
400.0 1000.0 2300.0
550.0 1900.0 2700.0
700.0 1300.0 2150.0
300.0 2300.0 2970.0
500.0 1100.0 2800.0
550.0 1500.0 2600.0
500.0 1700.0 2450.0
400.0 900.0 2600.0
500.0 1600.0 2300.0
450.0 900.0 2750.0
550.0 1050.0 2560.0
300.0 1000.0 2400.0
650.0 1100.0 2500.0
400.0 2300.0 2500.0
400.0 1000.0 2400.0
700.0 1300.0 2500.0
500.0 1700.0 2600.0
500.0 950.0 2300.0
300.0 1500.0 2400.0
550.0 1500.0 2360.0
700.0 1150.0 2500.0
350.0 950.0 2700.0
300.0 2200.0 2900.0
700.0 1350.0 2300.0
500.0 1000.0 3000.0
550.0 1750.0 2550.0
600.0 1100.0 2720.0
650.0 1800.0 2750.0
400.0 1000.0 2400.0
350.0 1000.0 2300.0
350.0 1000.0 2600.0
400.0 1050.0 2300.0
650.0 1550.0 2150.0
500.0 1400.0 2500.0
500.0 1400.0 2350.0
400.0 2500.0 3080.0
500.0 1100.0 2700.0
750.0 1350.0 2200.0
400.0 2250.0 2600.0
450.0 2200.0 2700.0
450.0 1000.0 2700.0
700.0 1750.0 2300.0
500.0 1750.0 2400.0
400.0 2100.0 2970.0
650.0 1200.0 2500.0
300.0 900.0 2350.0
500.0 1000.0 2600.0
650.0 1900.0 2870.0
500.0 1000.0 2300.0
500.0 1000.0 2700.0
350.0 2200.0 2700.0
350.0 2250.0 2900.0
400.0 850.0 2300.0
300.0 2550.0 3100.0
450.0 900.0 2300.0
450.0 1950.0 2550.0
700.0 1100.0 2600.0
500.0 1000.0 2600.0
300.0 1800.0 2600.0
300.0 2200.0 2700.0
750.0 1250.0 2200.0
350.0 1050.0 2300.0
450.0 1050.0 2760.0
400.0 1000.0 2700.0
550.0 1100.0 2750.0
500.0 2100.0 2600.0
500.0 1000.0 2700.0
550.0 1500.0 2450.0
450.0 1150.0 2300.0
350.0 900.0 2600.0
350.0 1200.0 2300.0
500.0 900.0 2500.0
600.0 1400.0 2300.0
500.0 1400.0 2360.0
550.0 1600.0 2450.0
350.0 850.0 2700.0
650.0 1300.0 2400.0
400.0 1800.0 2500.0
500.0 1000.0 2600.0
350.0 2300.0 3100.0
550.0 2100.0 2600.0
400.0 2150.0 2900.0
550.0 1750.0 2600.0
300.0 2300.0 2800.0
600.0 1000.0 2700.0
700.0 1550.0 2360.0
550.0 1100.0 2850.0
500.0 1050.0 2560.0
400.0 1000.0 2800.0
550.0 2000.0 2500.0
500.0 1900.0 2700.0
400.0 900.0 2700.0
400.0 800.0 2560.0
500.0 2000.0 2600.0
500.0 2000.0 2600.0
350.0 2250.0 2970.0
300.0 2200.0 2800.0
300.0 2250.0 2970.0
350.0 2350.0 3200.0
400.0 950.0 2700.0
350.0 900.0 2300.0
400.0 900.0 2500.0
350.0 800.0 2600.0
550.0 2150.0 2800.0
550.0 2000.0 2600.0
300.0 1050.0 2300.0
300.0 1000.0 2400.0
400.0 1200.0 2700.0
500.0 1200.0 2300.0
500.0 1150.0 2720.0
350.0 1100.0 2400.0
500.0 1050.0 3000.0
450.0 2300.0 3100.0
600.0 1200.0 2400.0
600.0 1300.0 2800.0
350.0 900.0 2500.0
400.0 2250.0 2900.0
350.0 800.0 2630.0
550.0 1500.0 2450.0
300.0 2500.0 3000.0
400.0 1300.0 2300.0
800.0 1350.0 2500.0
300.0 2350.0 2800.0
350.0 2300.0 3000.0
650.0 2000.0 2700.0
400.0 2000.0 2600.0
400.0 2250.0 2800.0
600.0 1400.0 2300.0
700.0 1850.0 2900.0
400.0 1850.0 2500.0
500.0 1200.0 2300.0
750.0 1400.0 2400.0
300.0 2350.0 3100.0
600.0 1800.0 2800.0
500.0 1000.0 2560.0
500.0 900.0 2800.0
500.0 1850.0 2400.0
650.0 1900.0 2700.0
450.0 1100.0 2300.0
550.0 1800.0 2700.0
250.0 1800.0 2600.0
500.0 1800.0 2450.0
350.0 1000.0 2700.0
300.0 2100.0 2750.0
500.0 1300.0 2500.0
450.0 1100.0 2700.0
350.0 1050.0 2300.0
500.0 1050.0 2300.0
350.0 850.0 2700.0
450.0 1000.0 2300.0
350.0 900.0 2700.0
400.0 900.0 2300.0
400.0 1000.0 2300.0
500.0 1800.0 2300.0
350.0 1250.0 2300.0
700.0 1250.0 2200.0
450.0 1000.0 2700.0
350.0 1150.0 2600.0
350.0 2250.0 3000.0
550.0 1100.0 2300.0
700.0 1200.0 2600.0
300.0 2100.0 2600.0
600.0 1900.0 2650.0
500.0 950.0 2700.0
500.0 2100.0 2850.0
400.0 2000.0 2600.0
300.0 2200.0 2700.0
500.0 1200.0 2500.0
600.0 1900.0 2400.0
400.0 900.0 2800.0
650.0 1150.0 2500.0
350.0 2250.0 2700.0
400.0 2400.0 2970.0
600.0 1750.0 2750.0
450.0 2200.0 2800.0
600.0 1600.0 2300.0
400.0 2200.0 2650.0
750.0 1250.0 2300.0
550.0 1200.0 2360.0
500.0 2000.0 2600.0
500.0 1850.0 2700.0
700.0 1150.0 2500.0
600.0 1900.0 2400.0
450.0 1000.0 1800.0
550.0 1750.0 2700.0
350.0 2200.0 2600.0
600.0 1200.0 2300.0
400.0 1800.0 2500.0
350.0 1900.0 2600.0
500.0 1000.0 2700.0
550.0 1800.0 2750.0
400.0 1900.0 2300.0
500.0 1980.0 2750.0
350.0 1000.0 2400.0
500.0 1600.0 2500.0
500.0 1100.0 2720.0
550.0 1100.0 2800.0
400.0 1200.0 2000.0
350.0 2300.0 3080.0
500.0 1050.0 2300.0
600.0 1100.0 2700.0
450.0 1300.0 2500.0
700.0 1300.0 2200.0
500.0 1000.0 2300.0
500.0 1000.0 2800.0
450.0 1800.0 2500.0
550.0 1500.0 2500.0
500.0 1000.0 2800.0
350.0 2300.0 2800.0
350.0 2250.0 2700.0
400.0 1100.0 2000.0
500.0 1300.0 2500.0
350.0 1100.0 2300.0
750.0 1150.0 2200.0
450.0 2250.0 2900.0
300.0 2100.0 2700.0
300.0 2300.0 2970.0
550.0 1600.0 2500.0
500.0 1000.0 2300.0
400.0 1000.0 2300.0
300.0 2200.0 2700.0
500.0 1500.0 2500.0
600.0 1700.0 2300.0
600.0 1200.0 2400.0
700.0 1200.0 2550.0
600.0 1050.0 2700.0
300.0 2350.0 3100.0
400.0 1050.0 2700.0
600.0 1250.0 2700.0
500.0 1900.0 2600.0
400.0 1150.0 2500.0
450.0 1800.0 2500.0
450.0 950.0 2300.0
600.0 1850.0 2600.0
400.0 1600.0 2400.0
500.0 1100.0 2700.0
300.0 1200.0 2300.0
500.0 1800.0 2600.0
400.0 1000.0 2300.0
450.0 1800.0 2400.0
500.0 1900.0 2600.0
350.0 900.0 2600.0
500.0 2000.0 2600.0
350.0 2250.0 2600.0
400.0 1800.0 2400.0
300.0 2100.0 2800.0
750.0 1250.0 2600.0
300.0 1000.0 2400.0
400.0 2000.0 2600.0
400.0 1000.0 2500.0
550.0 1850.0 2800.0
350.0 850.0 2400.0
400.0 2400.0 3000.0
300.0 900.0 2550.0
300.0 950.0 2400.0
700.0 1300.0 2300.0
300.0 2250.0 2970.0
350.0 800.0 2600.0
550.0 1300.0 2800.0
450.0 1150.0 2700.0
350.0 1000.0 2400.0
350.0 1100.0 2300.0
400.0 1700.0 2450.0
400.0 1100.0 2300.0
400.0 1000.0 2500.0
450.0 1050.0 2300.0
300.0 2300.0 2900.0
300.0 2300.0 2800.0
450.0 900.0 2900.0
300.0 2300.0 2800.0
550.0 1000.0 2800.0
300.0 2400.0 3000.0
400.0 2250.0 2800.0
600.0 2000.0 2650.0
400.0 2200.0 2800.0
350.0 1100.0 2700.0
300.0 1000.0 2400.0
550.0 1100.0 2300.0
750.0 1300.0 2300.0
350.0 900.0 2600.0
400.0 1750.0 2450.0
400.0 2350.0 2970.0
400.0 2200.0 2970.0
400.0 1150.0 2200.0
500.0 1100.0 2300.0
300.0 2100.0 2700.0
350.0 750.0 2600.0
450.0 1150.0 2300.0
500.0 1000.0 2300.0
400.0 2000.0 2500.0
350.0 700.0 2630.0
500.0 900.0 2800.0
550.0 1000.0 2600.0
400.0 2250.0 2800.0
650.0 1350.0 2600.0
800.0 1350.0 2200.0
400.0 1160.0 2600.0
600.0 1500.0 2500.0
400.0 900.0 2600.0
300.0 2100.0 2700.0
400.0 1000.0 2300.0
650.0 1850.0 2700.0
650.0 1200.0 2600.0
500.0 1900.0 2300.0
550.0 1700.0 2400.0
350.0 850.0 2400.0
450.0 2000.0 2550.0
700.0 1250.0 2200.0
400.0 2000.0 2600.0
500.0 1500.0 2360.0
500.0 900.0 2700.0
500.0 1200.0 2300.0
350.0 2200.0 3000.0
700.0 1200.0 2100.0
550.0 1400.0 2600.0
450.0 1400.0 2450.0
500.0 2300.0 2870.0
300.0 2150.0 2970.0
700.0 2000.0 3100.0
300.0 2350.0 2800.0
600.0 1400.0 2600.0
500.0 1300.0 2300.0
350.0 900.0 2700.0
700.0 1350.0 2600.0
450.0 950.0 2100.0
300.0 2100.0 2700.0
500.0 1900.0 2600.0
350.0 950.0 2700.0
800.0 1250.0 2150.0
700.0 1300.0 2200.0
450.0 2150.0 2600.0
600.0 1200.0 2300.0
750.0 1300.0 2400.0
350.0 1000.0 2400.0
600.0 1050.0 2850.0
700.0 1600.0 2200.0
350.0 800.0 2630.0
650.0 1350.0 2360.0
400.0 1900.0 2500.0
600.0 1200.0 2600.0
350.0 800.0 2500.0
500.0 1000.0 2300.0
550.0 1550.0 2400.0
500.0 1000.0 2560.0
400.0 1900.0 2600.0
750.0 1250.0 2150.0
750.0 2050.0 3100.0
500.0 1100.0 2500.0
350.0 2400.0 3100.0
500.0 1100.0 2250.0
450.0 1000.0 2350.0
550.0 1900.0 2700.0
700.0 1200.0 2400.0
450.0 1350.0 2450.0
300.0 2400.0 2970.0
650.0 1600.0 2300.0
500.0 1200.0 2300.0
400.0 1900.0 2700.0
500.0 2250.0 2900.0
350.0 900.0 2600.0
300.0 1000.0 2300.0
650.0 1900.0 2700.0
300.0 1000.0 2300.0
450.0 2000.0 2500.0
400.0 2150.0 2700.0
550.0 1600.0 2200.0
250.0 2100.0 2700.0
700.0 1500.0 2600.0
500.0 2000.0 2750.0
400.0 1000.0 2700.0
500.0 1900.0 2650.0
800.0 1300.0 2400.0
380.0 950.0 2500.0
350.0 2300.0 2970.0
400.0 900.0 2700.0
350.0 2300.0 2750.0
450.0 1050.0 2300.0
500.0 1550.0 2450.0
350.0 2400.0 2900.0
750.0 1250.0 2200.0
300.0 2500.0 3100.0
700.0 1900.0 2700.0
500.0 1200.0 2300.0
400.0 1000.0 2600.0
600.0 1150.0 2720.0
750.0 1200.0 2200.0
300.0 2000.0 2700.0
450.0 1050.0 2300.0
650.0 1150.0 2600.0
350.0 1000.0 2600.0
400.0 1250.0 2500.0
750.0 1100.0 2200.0
350.0 800.0 2700.0
400.0 1000.0 2700.0
350.0 800.0 2630.0
400.0 1000.0 2300.0
500.0 2000.0 2850.0
350.0 900.0 2500.0
650.0 1200.0 2500.0
350.0 1150.0 2500.0
300.0 2100.0 2630.0
600.0 1300.0 1900.0
400.0 2300.0 2900.0
300.0 900.0 2400.0
450.0 2250.0 2800.0
550.0 1950.0 2800.0
500.0 1000.0 2300.0
450.0 1000.0 2350.0
500.0 1000.0 2600.0
700.0 1150.0 2600.0
350.0 850.0 2600.0
500.0 1000.0 2800.0
750.0 1200.0 2600.0
500.0 2200.0 2700.0
550.0 1400.0 2600.0
600.0 1200.0 2300.0
600.0 1200.0 2300.0
400.0 1900.0 2400.0
400.0 1000.0 2300.0
300.0 2300.0 3080.0
650.0 1200.0 2500.0
550.0 1200.0 2600.0
350.0 1050.0 2600.0
500.0 2300.0 2750.0
400.0 1000.0 2300.0
500.0 1000.0 2700.0
500.0 1000.0 2300.0
300.0 2200.0 2800.0
450.0 1500.0 2300.0
700.0 1400.0 2360.0
550.0 2100.0 2700.0
500.0 1000.0 2800.0
300.0 900.0 2400.0
350.0 1150.0 2700.0
500.0 1200.0 2300.0
300.0 2150.0 2700.0
500.0 1000.0 2400.0
400.0 2200.0 2900.0
400.0 1300.0 2400.0
700.0 1900.0 2870.0
650.0 1200.0 2300.0
750.0 1300.0 2200.0
300.0 2400.0 3100.0
400.0 2000.0 2550.0
400.0 850.0 2600.0
600.0 1200.0 2600.0
450.0 1300.0 2500.0
500.0 1000.0 2600.0
500.0 1200.0 2300.0
300.0 2000.0 2500.0
700.0 1300.0 2300.0
400.0 2000.0 2600.0
400.0 1900.0 2500.0
500.0 2200.0 2900.0
350.0 900.0 2600.0
500.0 1000.0 2650.0
500.0 2200.0 2900.0
700.0 1800.0 2500.0
650.0 1300.0 2300.0
650.0 1100.0 2600.0
550.0 1700.0 2600.0
500.0 2200.0 2900.0
750.0 1300.0 2200.0
350.0 2400.0 3200.0
450.0 1300.0 2500.0
400.0 1200.0 1900.0
350.0 2150.0 2700.0
700.0 1300.0 2300.0
400.0 1250.0 2400.0
500.0 2300.0 2600.0
350.0 2400.0 3150.0
550.0 2000.0 2800.0
650.0 2000.0 2700.0
400.0 2150.0 2600.0
400.0 950.0 2630.0
360.0 2250.0 2650.0
300.0 800.0 2400.0
600.0 1350.0 2300.0
350.0 1050.0 2500.0
350.0 900.0 2500.0
300.0 900.0 2400.0
500.0 1700.0 2400.0
300.0 2100.0 2600.0
600.0 1350.0 2150.0
350.0 900.0 2630.0
700.0 1300.0 2200.0
650.0 1600.0 2600.0
300.0 2100.0 2600.0
500.0 1000.0 2560.0
400.0 1000.0 2600.0
300.0 850.0 2400.0
300.0 950.0 2400.0
700.0 1200.0 2200.0
350.0 2300.0 2970.0
750.0 1250.0 2200.0
300.0 1900.0 2500.0
550.0 1500.0 2400.0
550.0 2000.0 2700.0
350.0 2500.0 3200.0
500.0 1300.0 2500.0
400.0 2000.0 2700.0
350.0 2300.0 3000.0
350.0 1100.0 2500.0
350.0 800.0 2600.0
500.0 1600.0 2500.0
500.0 1900.0 2300.0
600.0 1850.0 2500.0
550.0 2000.0 2500.0
400.0 1200.0 2400.0
600.0 1900.0 2700.0
650.0 1050.0 2400.0
400.0 1150.0 2500.0
600.0 1550.0 2500.0
400.0 1000.0 2300.0
700.0 1400.0 2300.0
350.0 2350.0 2800.0
700.0 1500.0 2600.0
600.0 1350.0 2100.0
450.0 1200.0 2300.0
350.0 1000.0 2400.0
450.0 1150.0 2300.0
350.0 2200.0 2800.0
550.0 1400.0 2300.0
500.0 1850.0 2550.0
550.0 1250.0 2720.0
650.0 1250.0 2400.0
300.0 950.0 2400.0
450.0 900.0 2250.0
450.0 1350.0 2500.0
300.0 2150.0 2700.0
400.0 1000.0 2300.0
450.0 1200.0 2600.0
500.0 1000.0 2300.0
300.0 2250.0 3000.0
500.0 1800.0 2450.0
350.0 1000.0 2630.0
550.0 1250.0 2700.0
500.0 1050.0 2600.0
400.0 850.0 2300.0
650.0 1600.0 2300.0
400.0 1200.0 2500.0
600.0 1400.0 2360.0
450.0 1100.0 2300.0
300.0 2300.0 2800.0
500.0 950.0 2700.0
350.0 1850.0 2500.0
400.0 2000.0 2500.0
700.0 1850.0 3100.0
500.0 1250.0 2700.0
450.0 2300.0 2850.0
400.0 900.0 2600.0
400.0 2400.0 3000.0
600.0 1200.0 2300.0
300.0 2200.0 2700.0
650.0 1400.0 2000.0
400.0 900.0 2630.0
550.0 1700.0 2300.0
550.0 1900.0 2550.0
500.0 950.0 2560.0
700.0 1100.0 2200.0
500.0 950.0 2600.0
400.0 1100.0 2300.0
400.0 2250.0 2400.0
450.0 1100.0 2300.0
500.0 1100.0 2760.0
700.0 1250.0 2200.0
500.0 2100.0 2700.0
350.0 2300.0 2800.0
300.0 2200.0 2970.0
300.0 2100.0 2600.0
700.0 1200.0 2200.0
300.0 2200.0 2800.0
350.0 900.0 2400.0
500.0 2100.0 2650.0
400.0 2000.0 2500.0
400.0 2250.0 2970.0
750.0 1200.0 2600.0
300.0 2250.0 3000.0
300.0 2100.0 2700.0
400.0 2300.0 2850.0
450.0 2200.0 2900.0
750.0 1250.0 2200.0
300.0 2400.0 3200.0
350.0 1000.0 2300.0
350.0 800.0 2600.0
400.0 1000.0 2400.0
600.0 1350.0 2300.0
500.0 2250.0 2900.0
450.0 1050.0 2300.0
450.0 1600.0 2200.0
400.0 1300.0 2500.0
600.0 1750.0 2500.0
500.0 2200.0 2700.0
500.0 1750.0 2600.0
300.0 2300.0 3100.0
650.0 1600.0 2700.0
450.0 1800.0 2500.0
800.0 1300.0 2200.0
500.0 1050.0 2500.0
550.0 1250.0 2600.0
400.0 2100.0 2970.0
400.0 1000.0 2300.0
350.0 800.0 2600.0
500.0 2100.0 2600.0
350.0 900.0 2600.0
350.0 2500.0 3200.0
300.0 1000.0 2600.0
700.0 1150.0 2500.0
500.0 1000.0 2900.0
550.0 1050.0 2500.0
300.0 1100.0 2800.0
300.0 2250.0 3100.0
350.0 1200.0 2300.0
550.0 1800.0 2700.0
400.0 1200.0 2500.0
500.0 850.0 2300.0
350.0 900.0 2600.0
600.0 1100.0 2200.0
700.0 1400.0 2300.0
400.0 900.0 2700.0
350.0 800.0 2300.0
400.0 2100.0 2600.0
450.0 950.0 2100.0
450.0 1650.0 2400.0
450.0 1000.0 2350.0
450.0 1200.0 2300.0
900.0 2050.0 2700.0
500.0 1500.0 2400.0
350.0 2100.0 2500.0
500.0 1350.0 2360.0
350.0 2200.0 2970.0
500.0 2100.0 2600.0
550.0 2200.0 2600.0
500.0 1250.0 2300.0
500.0 1000.0 2700.0
600.0 1200.0 2500.0
650.0 1200.0 2550.0
400.0 2200.0 2600.0
650.0 1350.0 2100.0
500.0 2300.0 3000.0
500.0 2200.0 2800.0
350.0 850.0 2700.0
600.0 1150.0 2700.0
600.0 1100.0 2750.0
350.0 2100.0 2700.0
500.0 850.0 2560.0
300.0 2200.0 2700.0
350.0 2550.0 3200.0
350.0 1250.0 2500.0
500.0 1000.0 2300.0
400.0 2200.0 2800.0
300.0 1200.0 2500.0
400.0 1050.0 2300.0
550.0 1800.0 2600.0
450.0 1100.0 2700.0
300.0 2100.0 2750.0
400.0 850.0 2500.0
500.0 1100.0 2700.0
400.0 2300.0 2900.0
550.0 1250.0 2300.0
350.0 900.0 2400.0
500.0 1600.0 2450.0
700.0 1400.0 2300.0
500.0 1000.0 2300.0
300.0 2200.0 2900.0
300.0 2300.0 3100.0
400.0 1000.0 2800.0
400.0 2100.0 2850.0
600.0 1400.0 2200.0
300.0 2250.0 2850.0
400.0 2250.0 2700.0
350.0 1800.0 2500.0
450.0 1800.0 2500.0
500.0 1400.0 2360.0
500.0 1100.0 2250.0
400.0 1000.0 2000.0
350.0 900.0 2400.0
500.0 900.0 2750.0
350.0 2150.0 2450.0
750.0 1150.0 2600.0
450.0 2250.0 2800.0
500.0 1000.0 2500.0
500.0 1750.0 2450.0
400.0 800.0 2700.0
500.0 1050.0 2900.0
600.0 1000.0 2400.0
550.0 1500.0 2800.0
400.0 2000.0 2500.0
300.0 850.0 2400.0
600.0 1850.0 2300.0
750.0 1300.0 2200.0
350.0 900.0 2400.0
350.0 2200.0 2970.0
650.0 1200.0 2400.0
500.0 1300.0 2450.0
350.0 1000.0 2500.0
300.0 2100.0 2600.0
400.0 900.0 2600.0
350.0 850.0 2600.0
300.0 2050.0 2600.0
550.0 1950.0 2800.0
750.0 1500.0 2360.0
400.0 1100.0 2300.0
400.0 1000.0 2700.0
750.0 1350.0 2100.0
350.0 2250.0 3000.0
600.0 1500.0 2200.0
300.0 2500.0 3150.0
400.0 1100.0 2300.0
750.0 1300.0 2200.0
600.0 1200.0 2300.0
300.0 2300.0 2800.0
750.0 1300.0 2200.0
600.0 1050.0 2200.0
450.0 1850.0 2600.0
750.0 1200.0 2200.0
400.0 1000.0 2300.0
700.0 1200.0 2200.0
650.0 1200.0 2300.0
650.0 1400.0 2100.0
400.0 1150.0 1850.0
300.0 2150.0 2750.0
550.0 1600.0 2400.0
500.0 1900.0 2700.0
500.0 2200.0 2700.0
350.0 950.0 2400.0
350.0 900.0 2600.0
400.0 1300.0 2300.0
300.0 900.0 2400.0
450.0 2300.0 2900.0
350.0 900.0 2600.0
300.0 900.0 2400.0
450.0 2200.0 3000.0
500.0 2100.0 2600.0
500.0 1600.0 2500.0
500.0 2000.0 2600.0
650.0 2000.0 2800.0
500.0 1900.0 2600.0
500.0 1050.0 2800.0
300.0 1100.0 2300.0
