9.800000000000000000e+01 5.700000000000000178e+00 4.000000000000000222e-01 1.300000000000000044e+00 2.799999999999999822e+00
1.120000000000000000e+02 6.500000000000000000e+00 1.199999999999999956e+00 1.199999999999999956e+00 2.000000000000000000e+00
1.070000000000000000e+02 1.300000000000000000e+01 1.100000000000000089e+00 9.000000000000000222e-01 3.100000000000000089e+00
8.900000000000000000e+01 2.180000000000000071e+01 7.099999999999999645e+00 6.999999999999999556e-01 -1.000000000000000056e-01
9.100000000000000000e+01 8.000000000000000000e+00 1.699999999999999956e+00 2.100000000000000089e+00 4.599999999999999645e+00
1.130000000000000000e+02 1.150000000000000000e+01 1.500000000000000000e+00 1.899999999999999911e+00 2.899999999999999911e+00
1.260000000000000000e+02 9.400000000000000355e+00 2.299999999999999822e+00 1.000000000000000000e+00 4.000000000000000000e+00
1.050000000000000000e+02 7.000000000000000000e+00 1.500000000000000000e+00 2.700000000000000178e+00 4.299999999999999822e+00
1.140000000000000000e+02 9.099999999999999645e+00 2.600000000000000089e+00 1.500000000000000000e+00 1.500000000000000000e+00
9.700000000000000000e+01 7.799999999999999822e+00 1.300000000000000044e+00 1.199999999999999956e+00 9.000000000000000222e-01
9.800000000000000000e+01 9.099999999999999645e+00 1.399999999999999911e+00 1.899999999999999911e+00 -2.999999999999999889e-01
1.060000000000000000e+02 9.400000000000000355e+00 2.200000000000000178e+00 1.500000000000000000e+00 0.000000000000000000e+00
1.190000000000000000e+02 1.290000000000000036e+01 1.500000000000000000e+00 1.300000000000000044e+00 3.600000000000000089e+00
1.330000000000000000e+02 9.699999999999999289e+00 2.899999999999999911e+00 8.000000000000000444e-01 1.899999999999999911e+00
1.110000000000000000e+02 1.190000000000000036e+01 2.299999999999999822e+00 9.000000000000000222e-01 3.799999999999999822e+00
1.050000000000000000e+02 5.700000000000000178e+00 1.000000000000000000e+00 9.000000000000000222e-01 9.000000000000000222e-01
1.410000000000000000e+02 2.500000000000000000e+00 1.300000000000000044e+00 8.500000000000000000e+00 7.500000000000000000e+00
8.000000000000000000e+01 2.300000000000000000e+01 1.000000000000000000e+01 9.000000000000000222e-01 -1.000000000000000056e-01
9.900000000000000000e+01 1.750000000000000000e+01 1.899999999999999911e+00 1.399999999999999911e+00 2.999999999999999889e-01
1.390000000000000000e+02 4.200000000000000178e+00 6.999999999999999556e-01 4.299999999999999822e+00 6.299999999999999822e+00
1.230000000000000000e+02 5.599999999999999645e+00 1.100000000000000089e+00 1.369999999999999929e+01 5.629999999999999716e+01
1.140000000000000000e+02 1.109999999999999964e+01 2.399999999999999911e+00 2.000000000000000000e+00 -2.999999999999999889e-01
1.120000000000000000e+02 6.799999999999999822e+00 1.699999999999999956e+00 1.399999999999999911e+00 3.299999999999999822e+00
1.180000000000000000e+02 1.219999999999999929e+01 1.500000000000000000e+00 1.000000000000000000e+00 2.299999999999999822e+00
1.130000000000000000e+02 5.099999999999999645e+00 6.999999999999999556e-01 5.799999999999999822e+00 1.960000000000000142e+01
1.080000000000000000e+02 8.699999999999999289e+00 1.199999999999999956e+00 2.200000000000000178e+00 2.500000000000000000e+00
1.040000000000000000e+02 9.599999999999999645e+00 1.100000000000000089e+00 1.300000000000000044e+00 8.000000000000000444e-01
1.140000000000000000e+02 9.900000000000000355e+00 2.399999999999999911e+00 1.500000000000000000e+00 5.700000000000000178e+00
1.190000000000000000e+02 3.799999999999999822e+00 1.100000000000000089e+00 2.300000000000000000e+01 5.700000000000000178e+00
1.130000000000000000e+02 1.719999999999999929e+01 1.800000000000000044e+00 1.000000000000000000e+00 0.000000000000000000e+00
1.160000000000000000e+02 1.000000000000000000e+01 1.699999999999999956e+00 1.500000000000000000e+00 4.299999999999999822e+00
1.160000000000000000e+02 7.799999999999999822e+00 1.399999999999999911e+00 1.100000000000000089e+00 3.700000000000000178e+00
1.050000000000000000e+02 1.109999999999999964e+01 2.000000000000000000e+00 1.000000000000000000e+00 1.000000000000000000e+00
1.120000000000000000e+02 8.099999999999999645e+00 1.899999999999999911e+00 3.700000000000000178e+00 2.000000000000000000e+00
1.200000000000000000e+02 6.799999999999999822e+00 1.899999999999999911e+00 1.300000000000000044e+00 1.899999999999999911e+00
1.050000000000000000e+02 8.099999999999999645e+00 2.000000000000000000e+00 1.899999999999999911e+00 -5.000000000000000000e-01
1.100000000000000000e+02 6.299999999999999822e+00 1.000000000000000000e+00 8.000000000000000444e-01 1.000000000000000000e+00
1.300000000000000000e+02 9.500000000000000000e+00 1.699999999999999956e+00 4.000000000000000222e-01 3.200000000000000178e+00
1.070000000000000000e+02 1.009999999999999964e+01 2.200000000000000178e+00 9.000000000000000222e-01 2.700000000000000178e+00
1.000000000000000000e+02 9.500000000000000000e+00 2.500000000000000000e+00 1.300000000000000044e+00 -2.000000000000000111e-01
1.180000000000000000e+02 6.500000000000000000e+00 1.199999999999999956e+00 1.199999999999999956e+00 1.699999999999999956e+00
1.090000000000000000e+02 9.699999999999999289e+00 1.399999999999999911e+00 1.100000000000000089e+00 2.100000000000000089e+00
1.060000000000000000e+02 8.900000000000000355e+00 6.999999999999999556e-01 1.000000000000000000e+00 2.299999999999999822e+00
1.260000000000000000e+02 5.000000000000000000e-01 2.000000000000000111e-01 1.219999999999999929e+01 8.800000000000000711e+00
1.070000000000000000e+02 1.300000000000000000e+01 1.500000000000000000e+00 2.799999999999999822e+00 1.699999999999999956e+00
1.310000000000000000e+02 2.700000000000000178e+00 8.000000000000000444e-01 9.900000000000000355e+00 4.700000000000000178e+00
1.290000000000000000e+02 1.500000000000000000e+00 5.999999999999999778e-01 1.250000000000000000e+01 2.899999999999999911e+00
1.110000000000000000e+02 1.600000000000000000e+01 2.100000000000000089e+00 9.000000000000000222e-01 -1.000000000000000056e-01
1.190000000000000000e+02 8.000000000000000000e+00 2.000000000000000000e+00 5.999999999999999778e-01 3.200000000000000178e+00
1.140000000000000000e+02 1.090000000000000036e+01 2.100000000000000089e+00 2.999999999999999889e-01 1.399999999999999911e+00
1.300000000000000000e+02 1.000000000000000000e+01 1.600000000000000089e+00 9.000000000000000222e-01 4.599999999999999645e+00
1.090000000000000000e+02 8.900000000000000355e+00 1.699999999999999956e+00 1.000000000000000000e+00 9.000000000000000222e-01
1.250000000000000000e+02 2.299999999999999822e+00 9.000000000000000222e-01 1.650000000000000000e+01 9.500000000000000000e+00
1.170000000000000000e+02 1.219999999999999929e+01 1.899999999999999911e+00 1.199999999999999956e+00 3.899999999999999911e+00
1.080000000000000000e+02 1.090000000000000036e+01 1.199999999999999956e+00 1.899999999999999911e+00 1.000000000000000000e+00
1.130000000000000000e+02 9.000000000000000000e+00 2.000000000000000000e+00 1.800000000000000044e+00 1.600000000000000089e+00
9.700000000000000000e+01 4.700000000000000178e+00 1.100000000000000089e+00 2.100000000000000089e+00 1.259999999999999964e+01
1.030000000000000000e+02 8.500000000000000000e+00 1.800000000000000044e+00 1.899999999999999911e+00 1.100000000000000089e+00
1.270000000000000000e+02 7.700000000000000178e+00 1.800000000000000044e+00 1.899999999999999911e+00 6.400000000000000355e+00
1.020000000000000000e+02 6.599999999999999645e+00 1.199999999999999956e+00 1.399999999999999911e+00 1.300000000000000044e+00
1.210000000000000000e+02 1.350000000000000000e+01 1.500000000000000000e+00 1.600000000000000089e+00 5.000000000000000000e-01
1.170000000000000000e+02 6.700000000000000178e+00 2.200000000000000178e+00 1.800000000000000044e+00 6.700000000000000178e+00
1.110000000000000000e+02 9.099999999999999645e+00 1.699999999999999956e+00 1.199999999999999956e+00 4.099999999999999645e+00
1.170000000000000000e+02 1.100000000000000000e+01 1.399999999999999911e+00 1.500000000000000000e+00 2.100000000000000089e+00
1.140000000000000000e+02 8.400000000000000355e+00 1.600000000000000089e+00 1.600000000000000089e+00 -2.000000000000000111e-01
1.090000000000000000e+02 5.299999999999999822e+00 1.600000000000000089e+00 1.399999999999999911e+00 1.500000000000000000e+00
6.800000000000000000e+01 1.469999999999999929e+01 7.799999999999999822e+00 5.999999999999999778e-01 -2.000000000000000111e-01
1.050000000000000000e+02 1.109999999999999964e+01 1.100000000000000089e+00 8.000000000000000444e-01 1.199999999999999956e+00
1.030000000000000000e+02 8.099999999999999645e+00 1.399999999999999911e+00 5.000000000000000000e-01 3.799999999999999822e+00
9.800000000000000000e+01 8.599999999999999645e+00 1.600000000000000089e+00 1.600000000000000089e+00 6.000000000000000000e+00
1.050000000000000000e+02 1.739999999999999858e+01 1.600000000000000089e+00 2.999999999999999889e-01 4.000000000000000222e-01
1.270000000000000000e+02 1.290000000000000036e+01 2.399999999999999911e+00 1.399999999999999911e+00 5.999999999999999778e-01
1.130000000000000000e+02 9.900000000000000355e+00 3.100000000000000089e+00 2.000000000000000000e+00 5.900000000000000355e+00
1.290000000000000000e+02 1.190000000000000036e+01 2.700000000000000178e+00 1.199999999999999956e+00 3.500000000000000000e+00
1.120000000000000000e+02 5.900000000000000355e+00 1.699999999999999956e+00 2.000000000000000000e+00 1.300000000000000044e+00
1.020000000000000000e+02 8.500000000000000000e+00 1.199999999999999956e+00 1.300000000000000044e+00 1.399999999999999911e+00
1.250000000000000000e+02 3.700000000000000178e+00 1.100000000000000089e+00 8.500000000000000000e+00 2.589999999999999858e+01
1.050000000000000000e+02 1.200000000000000000e+01 3.299999999999999822e+00 1.100000000000000089e+00 0.000000000000000000e+00
1.010000000000000000e+02 6.700000000000000178e+00 1.300000000000000044e+00 1.000000000000000000e+00 5.700000000000000178e+00
1.190000000000000000e+02 8.000000000000000444e-01 6.999999999999999556e-01 5.639999999999999858e+01 2.160000000000000142e+01
1.090000000000000000e+02 1.000000000000000000e+01 1.300000000000000044e+00 1.800000000000000044e+00 4.299999999999999822e+00
1.030000000000000000e+02 7.299999999999999822e+00 1.000000000000000000e+00 6.999999999999999556e-01 5.000000000000000000e-01
1.050000000000000000e+02 7.299999999999999822e+00 1.500000000000000000e+00 1.500000000000000000e+00 -1.000000000000000056e-01
1.110000000000000000e+02 8.400000000000000355e+00 1.500000000000000000e+00 8.000000000000000444e-01 1.199999999999999956e+00
1.050000000000000000e+02 6.099999999999999645e+00 2.100000000000000089e+00 1.399999999999999911e+00 7.000000000000000000e+00
1.180000000000000000e+02 1.059999999999999964e+01 1.800000000000000044e+00 1.399999999999999911e+00 3.000000000000000000e+00
1.090000000000000000e+02 9.199999999999999289e+00 1.800000000000000044e+00 1.100000000000000089e+00 4.400000000000000355e+00
1.100000000000000000e+02 1.040000000000000036e+01 1.600000000000000089e+00 1.600000000000000089e+00 2.700000000000000178e+00
9.000000000000000000e+01 8.099999999999999645e+00 1.600000000000000089e+00 1.399999999999999911e+00 1.100000000000000089e+00
1.060000000000000000e+02 9.400000000000000355e+00 1.500000000000000000e+00 8.000000000000000444e-01 5.000000000000000000e-01
1.230000000000000000e+02 8.099999999999999645e+00 2.299999999999999822e+00 1.000000000000000000e+00 5.099999999999999645e+00
1.160000000000000000e+02 1.009999999999999964e+01 2.200000000000000178e+00 1.600000000000000089e+00 8.000000000000000444e-01
1.220000000000000000e+02 1.180000000000000071e+01 2.700000000000000178e+00 1.699999999999999956e+00 2.299999999999999822e+00
1.150000000000000000e+02 6.299999999999999822e+00 1.199999999999999956e+00 4.700000000000000178e+00 1.440000000000000036e+01
1.020000000000000000e+02 9.500000000000000000e+00 1.399999999999999911e+00 1.100000000000000089e+00 1.600000000000000089e+00
9.400000000000000000e+01 2.050000000000000000e+01 1.800000000000000044e+00 1.399999999999999911e+00 -5.000000000000000000e-01
1.110000000000000000e+02 8.500000000000000000e+00 1.600000000000000089e+00 1.100000000000000089e+00 3.899999999999999911e+00
1.260000000000000000e+02 1.040000000000000036e+01 1.699999999999999956e+00 1.199999999999999956e+00 3.500000000000000000e+00
1.160000000000000000e+02 1.610000000000000142e+01 9.000000000000000222e-01 1.300000000000000044e+00 1.500000000000000000e+00
1.340000000000000000e+02 2.000000000000000000e+00 5.000000000000000000e-01 1.219999999999999929e+01 2.200000000000000178e+00
1.000000000000000000e+02 6.099999999999999645e+00 2.399999999999999911e+00 1.800000000000000044e+00 3.799999999999999822e+00
1.190000000000000000e+02 1.140000000000000036e+01 2.299999999999999822e+00 2.200000000000000178e+00 1.600000000000000089e+00
1.180000000000000000e+02 6.500000000000000000e+00 1.300000000000000044e+00 1.699999999999999956e+00 1.150000000000000000e+01
1.170000000000000000e+02 7.799999999999999822e+00 2.000000000000000000e+00 1.000000000000000000e+00 3.899999999999999911e+00
1.340000000000000000e+02 1.899999999999999911e+00 5.999999999999999778e-01 1.839999999999999858e+01 8.199999999999999289e+00
1.170000000000000000e+02 9.199999999999999289e+00 1.899999999999999911e+00 1.500000000000000000e+00 6.799999999999999822e+00
1.210000000000000000e+02 1.009999999999999964e+01 2.399999999999999911e+00 8.000000000000000444e-01 3.000000000000000000e+00
1.000000000000000000e+02 1.050000000000000000e+01 2.399999999999999911e+00 9.000000000000000222e-01 1.899999999999999911e+00
1.060000000000000000e+02 1.130000000000000071e+01 1.800000000000000044e+00 9.000000000000000222e-01 1.000000000000000000e+00
1.110000000000000000e+02 7.799999999999999822e+00 2.000000000000000000e+00 1.800000000000000044e+00 4.099999999999999645e+00
9.700000000000000000e+01 1.419999999999999929e+01 3.600000000000000089e+00 1.500000000000000000e+00 2.999999999999999889e-01
1.030000000000000000e+02 9.500000000000000000e+00 2.899999999999999911e+00 1.399999999999999911e+00 -1.000000000000000056e-01
1.120000000000000000e+02 2.600000000000000089e+00 6.999999999999999556e-01 4.100000000000000000e+01 1.900000000000000000e+01
1.100000000000000000e+02 1.519999999999999929e+01 1.899999999999999911e+00 6.999999999999999556e-01 -2.000000000000000111e-01
1.010000000000000000e+02 7.799999999999999822e+00 1.199999999999999956e+00 1.000000000000000000e+00 1.699999999999999956e+00
6.500000000000000000e+01 2.530000000000000071e+01 5.799999999999999822e+00 1.300000000000000044e+00 2.000000000000000111e-01
1.210000000000000000e+02 4.700000000000000178e+00 1.800000000000000044e+00 1.119999999999999929e+01 5.300000000000000000e+01
1.040000000000000000e+02 6.099999999999999645e+00 1.800000000000000044e+00 5.000000000000000000e-01 8.000000000000000444e-01
1.140000000000000000e+02 7.500000000000000000e+00 1.100000000000000089e+00 1.600000000000000089e+00 4.400000000000000355e+00
8.800000000000000000e+01 2.410000000000000142e+01 5.500000000000000000e+00 8.000000000000000444e-01 1.000000000000000056e-01
1.180000000000000000e+02 3.600000000000000089e+00 1.500000000000000000e+00 1.159999999999999964e+01 4.879999999999999716e+01
1.410000000000000000e+02 5.599999999999999645e+00 1.800000000000000044e+00 9.199999999999999289e+00 1.440000000000000036e+01
1.100000000000000000e+02 7.799999999999999822e+00 1.899999999999999911e+00 2.100000000000000089e+00 6.400000000000000355e+00
1.070000000000000000e+02 8.400000000000000355e+00 1.800000000000000044e+00 1.500000000000000000e+00 8.000000000000000444e-01
8.800000000000000000e+01 1.290000000000000036e+01 2.700000000000000178e+00 1.000000000000000056e-01 2.000000000000000111e-01
1.140000000000000000e+02 6.700000000000000178e+00 1.500000000000000000e+00 1.000000000000000000e+00 3.500000000000000000e+00
9.500000000000000000e+01 1.109999999999999964e+01 2.700000000000000178e+00 1.600000000000000089e+00 -2.999999999999999889e-01
1.080000000000000000e+02 7.099999999999999645e+00 1.300000000000000044e+00 1.600000000000000089e+00 2.200000000000000178e+00
1.110000000000000000e+02 8.500000000000000000e+00 1.600000000000000089e+00 1.199999999999999956e+00 7.700000000000000178e+00
9.800000000000000000e+01 1.040000000000000036e+01 1.600000000000000089e+00 2.299999999999999822e+00 -6.999999999999999556e-01
1.060000000000000000e+02 1.340000000000000036e+01 3.000000000000000000e+00 1.100000000000000089e+00 0.000000000000000000e+00
1.130000000000000000e+02 1.109999999999999964e+01 1.699999999999999956e+00 8.000000000000000444e-01 2.299999999999999822e+00
1.050000000000000000e+02 9.500000000000000000e+00 1.800000000000000044e+00 1.600000000000000089e+00 3.600000000000000089e+00
1.160000000000000000e+02 1.150000000000000000e+01 1.800000000000000044e+00 1.399999999999999911e+00 5.400000000000000355e+00
1.200000000000000000e+02 3.000000000000000000e+00 2.500000000000000000e+00 1.199999999999999956e+00 4.500000000000000000e+00
1.150000000000000000e+02 8.099999999999999645e+00 1.699999999999999956e+00 5.999999999999999778e-01 2.200000000000000178e+00
1.440000000000000000e+02 2.230000000000000071e+01 3.299999999999999822e+00 1.300000000000000044e+00 5.999999999999999778e-01
8.900000000000000000e+01 2.380000000000000071e+01 5.400000000000000355e+00 5.000000000000000000e-01 1.000000000000000056e-01
1.030000000000000000e+02 1.219999999999999929e+01 1.199999999999999956e+00 1.300000000000000044e+00 2.700000000000000178e+00
1.120000000000000000e+02 1.059999999999999964e+01 1.600000000000000089e+00 9.000000000000000222e-01 -1.000000000000000056e-01
6.700000000000000000e+01 2.330000000000000071e+01 7.400000000000000355e+00 1.800000000000000044e+00 -5.999999999999999778e-01
1.080000000000000000e+02 6.500000000000000000e+00 1.000000000000000000e+00 9.000000000000000222e-01 1.500000000000000000e+00
1.200000000000000000e+02 1.040000000000000036e+01 2.100000000000000089e+00 1.100000000000000089e+00 1.800000000000000044e+00
1.000000000000000000e+02 1.130000000000000071e+01 2.500000000000000000e+00 6.999999999999999556e-01 -2.999999999999999889e-01
1.010000000000000000e+02 6.299999999999999822e+00 1.500000000000000000e+00 9.000000000000000222e-01 2.899999999999999911e+00
1.190000000000000000e+02 1.059999999999999964e+01 2.100000000000000089e+00 1.300000000000000044e+00 1.100000000000000089e+00
9.900000000000000000e+01 1.300000000000000000e+01 3.100000000000000089e+00 5.000000000000000000e-01 -1.000000000000000056e-01
1.040000000000000000e+02 6.299999999999999822e+00 2.000000000000000000e+00 1.199999999999999956e+00 4.000000000000000000e+00
1.100000000000000000e+02 1.130000000000000071e+01 2.299999999999999822e+00 9.000000000000000222e-01 3.299999999999999822e+00
1.200000000000000000e+02 3.399999999999999911e+00 1.800000000000000044e+00 7.500000000000000000e+00 2.150000000000000000e+01
1.060000000000000000e+02 9.599999999999999645e+00 2.399999999999999911e+00 1.000000000000000000e+00 1.300000000000000044e+00
1.100000000000000000e+02 7.000000000000000000e+00 1.000000000000000000e+00 1.600000000000000089e+00 4.299999999999999822e+00
1.160000000000000000e+02 1.190000000000000036e+01 1.800000000000000044e+00 1.899999999999999911e+00 1.500000000000000000e+00
1.150000000000000000e+02 7.099999999999999645e+00 1.300000000000000044e+00 1.300000000000000044e+00 2.000000000000000000e+00
9.600000000000000000e+01 9.400000000000000355e+00 1.500000000000000000e+00 1.000000000000000000e+00 3.100000000000000089e+00
1.160000000000000000e+02 9.199999999999999289e+00 2.700000000000000178e+00 1.000000000000000000e+00 4.200000000000000178e+00
1.150000000000000000e+02 1.059999999999999964e+01 8.000000000000000444e-01 2.100000000000000089e+00 4.599999999999999645e+00
1.180000000000000000e+02 8.099999999999999645e+00 1.899999999999999911e+00 1.500000000000000000e+00 1.369999999999999929e+01
1.130000000000000000e+02 8.500000000000000000e+00 1.800000000000000044e+00 8.000000000000000444e-01 5.000000000000000000e-01
1.060000000000000000e+02 9.400000000000000355e+00 1.699999999999999956e+00 9.000000000000000222e-01 3.100000000000000089e+00
9.400000000000000000e+01 7.500000000000000000e+00 1.199999999999999956e+00 1.300000000000000044e+00 4.400000000000000355e+00
1.090000000000000000e+02 8.400000000000000355e+00 2.100000000000000089e+00 1.100000000000000089e+00 3.600000000000000089e+00
9.700000000000000000e+01 1.509999999999999964e+01 1.800000000000000044e+00 1.199999999999999956e+00 -2.000000000000000111e-01
1.060000000000000000e+02 6.700000000000000178e+00 1.500000000000000000e+00 1.199999999999999956e+00 3.899999999999999911e+00
1.020000000000000000e+02 7.599999999999999645e+00 1.800000000000000044e+00 2.000000000000000000e+00 2.500000000000000000e+00
1.360000000000000000e+02 1.399999999999999911e+00 2.999999999999999889e-01 3.260000000000000142e+01 8.400000000000000355e+00
1.200000000000000000e+02 6.799999999999999822e+00 2.100000000000000089e+00 1.040000000000000036e+01 3.860000000000000142e+01
1.230000000000000000e+02 1.899999999999999911e+00 2.999999999999999889e-01 2.280000000000000071e+01 2.219999999999999929e+01
1.010000000000000000e+02 7.099999999999999645e+00 2.200000000000000178e+00 8.000000000000000444e-01 2.200000000000000178e+00
1.100000000000000000e+02 8.699999999999999289e+00 1.899999999999999911e+00 1.600000000000000089e+00 4.400000000000000355e+00
1.160000000000000000e+02 1.109999999999999964e+01 2.000000000000000000e+00 1.199999999999999956e+00 2.299999999999999822e+00
1.200000000000000000e+02 1.240000000000000036e+01 2.399999999999999911e+00 8.000000000000000444e-01 1.899999999999999911e+00
8.400000000000000000e+01 2.150000000000000000e+01 2.700000000000000178e+00 1.100000000000000089e+00 -5.999999999999999778e-01
1.150000000000000000e+02 1.040000000000000036e+01 1.800000000000000044e+00 1.600000000000000089e+00 2.000000000000000000e+00
7.900000000000000000e+01 1.900000000000000000e+01 5.500000000000000000e+00 9.000000000000000222e-01 2.999999999999999889e-01
1.080000000000000000e+02 3.500000000000000000e+00 5.999999999999999778e-01 1.699999999999999956e+00 1.399999999999999911e+00
1.180000000000000000e+02 1.050000000000000000e+01 2.100000000000000089e+00 6.999999999999999556e-01 3.500000000000000000e+00
8.400000000000000000e+01 1.850000000000000000e+01 4.400000000000000355e+00 1.100000000000000089e+00 -2.999999999999999889e-01
1.020000000000000000e+02 5.299999999999999822e+00 1.399999999999999911e+00 1.300000000000000044e+00 6.700000000000000178e+00
8.900000000000000000e+01 1.430000000000000071e+01 4.099999999999999645e+00 5.000000000000000000e-01 2.000000000000000111e-01
1.010000000000000000e+02 7.099999999999999645e+00 1.600000000000000089e+00 1.500000000000000000e+00 1.600000000000000089e+00
1.100000000000000000e+02 8.400000000000000355e+00 1.399999999999999911e+00 1.000000000000000000e+00 1.899999999999999911e+00
1.080000000000000000e+02 1.040000000000000036e+01 2.100000000000000089e+00 1.300000000000000044e+00 2.399999999999999911e+00
1.150000000000000000e+02 1.530000000000000071e+01 2.299999999999999822e+00 2.000000000000000000e+00 2.000000000000000000e+00
1.100000000000000000e+02 1.040000000000000036e+01 1.800000000000000044e+00 1.000000000000000000e+00 2.299999999999999822e+00
1.090000000000000000e+02 1.240000000000000036e+01 2.299999999999999822e+00 1.699999999999999956e+00 8.000000000000000444e-01
1.100000000000000000e+02 2.030000000000000071e+01 3.700000000000000178e+00 5.999999999999999778e-01 2.000000000000000111e-01
1.020000000000000000e+02 8.400000000000000355e+00 1.500000000000000000e+00 8.000000000000000444e-01 2.399999999999999911e+00
8.900000000000000000e+01 2.010000000000000142e+01 7.299999999999999822e+00 1.100000000000000089e+00 -2.000000000000000111e-01
6.500000000000000000e+01 1.819999999999999929e+01 1.000000000000000000e+01 1.300000000000000044e+00 1.000000000000000056e-01
1.030000000000000000e+02 1.009999999999999964e+01 1.300000000000000044e+00 6.999999999999999556e-01 1.000000000000000056e-01
1.090000000000000000e+02 7.599999999999999645e+00 1.300000000000000044e+00 2.200000000000000178e+00 1.899999999999999911e+00
1.190000000000000000e+02 5.099999999999999645e+00 1.100000000000000089e+00 7.000000000000000000e+00 4.079999999999999716e+01
7.600000000000000000e+01 2.530000000000000071e+01 4.500000000000000000e+00 1.199999999999999956e+00 -1.000000000000000056e-01
1.030000000000000000e+02 5.099999999999999645e+00 1.399999999999999911e+00 1.199999999999999956e+00 5.000000000000000000e+00
1.340000000000000000e+02 1.639999999999999858e+01 4.799999999999999822e+00 5.999999999999999778e-01 1.000000000000000056e-01
9.800000000000000000e+01 1.669999999999999929e+01 4.299999999999999822e+00 1.699999999999999956e+00 2.000000000000000111e-01
1.060000000000000000e+02 4.200000000000000178e+00 1.199999999999999956e+00 1.600000000000000089e+00 1.399999999999999911e+00
1.090000000000000000e+02 1.040000000000000036e+01 1.899999999999999911e+00 4.000000000000000222e-01 -1.000000000000000056e-01
1.200000000000000000e+02 8.400000000000000355e+00 1.100000000000000089e+00 1.399999999999999911e+00 1.399999999999999911e+00
1.050000000000000000e+02 8.699999999999999289e+00 1.500000000000000000e+00 1.100000000000000089e+00 1.500000000000000000e+00
1.070000000000000000e+02 1.380000000000000071e+01 1.500000000000000000e+00 1.000000000000000000e+00 1.899999999999999911e+00
1.200000000000000000e+02 7.099999999999999645e+00 1.199999999999999956e+00 1.500000000000000000e+00 4.299999999999999822e+00
1.120000000000000000e+02 9.500000000000000000e+00 2.000000000000000000e+00 1.199999999999999956e+00 6.999999999999999556e-01
1.390000000000000000e+02 1.639999999999999858e+01 3.799999999999999822e+00 1.100000000000000089e+00 -2.000000000000000111e-01
1.210000000000000000e+02 1.009999999999999964e+01 1.699999999999999956e+00 1.300000000000000044e+00 1.000000000000000056e-01
1.130000000000000000e+02 7.799999999999999822e+00 2.000000000000000000e+00 1.100000000000000089e+00 3.000000000000000000e+00
1.100000000000000000e+02 9.199999999999999289e+00 1.600000000000000089e+00 1.500000000000000000e+00 2.999999999999999889e-01
9.300000000000000000e+01 8.900000000000000355e+00 1.500000000000000000e+00 8.000000000000000444e-01 2.700000000000000178e+00
1.220000000000000000e+02 9.699999999999999289e+00 1.600000000000000089e+00 9.000000000000000222e-01 2.200000000000000178e+00
9.900000000000000000e+01 1.300000000000000000e+01 3.600000000000000089e+00 6.999999999999999556e-01 -1.000000000000000056e-01
1.140000000000000000e+02 8.099999999999999645e+00 1.600000000000000089e+00 1.600000000000000089e+00 5.000000000000000000e-01
8.800000000000000000e+01 1.650000000000000000e+01 4.900000000000000355e+00 8.000000000000000444e-01 1.000000000000000056e-01
9.200000000000000000e+01 1.109999999999999964e+01 2.000000000000000000e+00 6.999999999999999556e-01 -2.000000000000000111e-01
1.200000000000000000e+02 1.899999999999999911e+00 6.999999999999999556e-01 1.850000000000000000e+01 2.400000000000000000e+01
